0.000000 0
21.138649 2697
21.138816 5393
21.138921 8089
21.139356 10785
21.139521 13481
21.179233 14829
21.179463 17525
21.179615 20221
21.179786 22917
21.183249 25613
21.187479 28309
21.187666 31005
21.214557 33701
21.218839 35049
21.219264 37745
21.2194 40441
21.220368 43137
21.222177 45833
21.222286 48529
21.222386 51225
21.22328 52573
21.250515 55269
21.250684 57965
21.251321 60661
21.255324 62009
21.256062 64705
21.256234 67401
21.259542 68749
21.259894 71445
21.260001 74141
21.260097 76837
21.284246 78185
21.28443 80881
21.284628 83577
21.285999 86273
21.286149 88969
21.28875 91665
21.288927 94361
21.289117 97057
21.295159 99753
21.295368 102449
21.295465 105145
21.295558 107841
21.295905 109189
21.298754 111885
21.299251 114581
21.299432 117277
21.323665 118625
21.323829 121321
21.32395 124017
21.327307 125365
21.327479 128061
21.330245 130757
21.330423 133453
21.330557 136149
21.331326 138845
21.331501 141541
21.337061 142889
21.337218 145585
21.337374 148281
21.337468 150977
21.339274 153673
21.339451 156369
21.33962 159065
21.357812 161761
21.358007 164457
21.358181 167153
21.358278 169849
21.358371 172545
21.358465 175241
21.358558 177937
21.363786 180633
21.363992 183329
21.364401 186025
21.364559 188721
21.366335 191417
21.370096 192765
21.370701 195461
21.37088 198157
21.371052 200853
21.371304 203549
21.375589 204897
21.375772 207593
21.379293 208941
21.380898 210289
21.381074 212985
21.382058 215681
21.382197 218377
21.382291 221073
21.396745 223769
21.398212 226465
21.400772 229161
21.400951 231857
21.401119 234553
21.401418 237249
21.401573 239945
21.401676 242641
21.403892 245337
21.404055 248033
21.404349 250729
21.404453 253425
21.406984 256121
21.407161 258817
21.407307 260165
21.407409 262861
21.41016 265557
21.410332 268253
21.41074 270949
21.41359 273645
21.413762 276341
21.413917 279037
21.415257 281733
21.415427 284429
21.415785 287125
21.416272 289821
21.419915 292517
21.420054 295213
21.423255 297909
21.423434 300605
21.43298 301953
21.433161 304649
21.433265 307345
21.434745 310041
21.434931 312737
21.43522 315433
21.438837 316781
21.439013 319477
21.439321 322173
21.442805 323521
21.443211 326217
21.44856 327565
21.448734 330261
21.449173 332957
21.449332 335653
21.449485 338349
21.449579 341045
21.451255 343741
21.451429 346437
21.454548 349133
21.454723 351829
21.45489 354525
21.455255 357221
21.45543 359917
21.455599 362613
21.458732 363961
21.45891 366657
21.459126 369353
21.459249 372049
21.459344 374745
21.459435 377441
21.462322 380137
21.462494 382833
21.462664 385529
21.463342 388225
21.46352 390921
21.467345 392269
21.467521 394965
21.468295 396313
21.471925 397661
21.472099 400357
21.47224 403053
21.472399 405749
21.472494 408445
21.472586 411141
21.472676 413837
21.472768 416533
21.472859 419229
21.476356 420577
21.476511 423273
21.476687 425969
21.476869 428665
21.479361 431361
21.479518 434057
21.482529 436753
21.483214 439449
21.48587 440797
21.486784 443493
21.489207 444841
21.490032 447537
21.492215 450233
21.492373 452929
21.493832 454277
21.493937 456973
21.500006 458321
21.500689 461017
21.503873 463713
21.504052 466409
21.504223 469105
21.504378 471801
21.504548 474497
21.504653 477193
21.504747 479889
21.506621 482585
21.506795 485281
21.506968 487977
21.507128 490673
21.507229 493369
21.510436 496065
21.510591 498761
21.510766 501457
21.511232 504153
21.512249 506849
21.512653 509545
21.512828 512241
21.512932 514937
21.515263 516285
21.517427 517633
21.517663 520329
21.51783 523025
21.517967 525721
21.519266 528417
21.519437 531113
21.522883 533809
21.526399 536505
21.526578 539201
21.526747 541897
21.526904 544593
21.527296 547289
21.527464 549985
21.527602 552681
21.531337 555377
21.531594 558073
21.531726 560769
21.53182 563465
21.540378 566161
21.54138 567509
21.549658 568857
21.549892 571553
21.550045 574249
21.554911 576945
21.555087 579641
21.557338 580989
21.557944 582337
21.561277 583685
21.561453 586381
21.561609 589077
21.561782 591773
21.561914 594469
21.563345 597165
21.563549 599861
21.563654 602557
21.563747 605253
21.563873 607949
21.564593 610645
21.565439 613341
21.566877 616037
21.567219 618733
21.57066 620081
21.570841 622777
21.571287 624125
21.572561 626821
21.572736 629517
21.573591 630865
21.575836 633561
21.576022 636257
21.577828 637605
21.577932 640301
21.580404 641649
21.581712 644345
21.581883 647041
21.582039 649737
21.583295 652433
21.584747 653781
21.586742 656477
21.589479 659173
21.58966 661869
21.590528 663217
21.590692 664565
21.59319 667261
21.593358 669957
21.594885 672653
21.595116 675349
21.595246 678045
21.595338 680741
21.59543 683437
21.599267 684785
21.599417 687481
21.599669 690177
21.599873 692873
21.605168 695569
21.605342 698265
21.605467 700961
21.60559 702309
21.605685 705005
21.605779 706353
21.60588 709049
21.608208 711745
21.60845 714441
21.609489 717137
21.612121 719833
21.612708 722529
21.612867 725225
21.613047 727921
21.614173 730617
21.614328 733313
21.614502 736009
21.614671 738705
21.614778 741401
21.615261 744097
21.61543 746793
21.621189 749489
21.621371 752185
21.621524 754881
21.622544 756229
21.622718 758925
21.624957 760273
21.625135 762969
21.625493 764317
21.625668 767013
21.628656 769709
21.628814 772405
21.628967 775101
21.629063 777797
21.629158 780493
21.631338 783189
21.631517 785885
21.636972 787233
21.637157 789929
21.637379 792625
21.637539 795321
21.637696 796669
21.639977 799365
21.640137 802061
21.640361 804757
21.640532 807453
21.64064 810149
21.643216 812845
21.649721 814193
21.64991 816889
21.650081 819585
21.650254 822281
21.651306 824977
21.651461 827673
21.655495 830369
21.655651 833065
21.657284 835761
21.662464 838457
21.66393 839805
21.664118 842501
21.665975 845197
21.671793 847893
21.67212 850589
21.67493 853285
21.675239 855981
21.678152 858677
21.67833 861373
21.678435 864069
21.679059 865417
21.679238 868113
21.681987 870809
21.682183 872157
21.682352 874853
21.682461 877549
21.689049 878897
21.689204 881593
21.689385 882941
21.691852 885637
21.692049 888333
21.692617 889681
21.695643 892377
21.695813 895073
21.699289 896421
21.703349 899117
21.707226 901813
21.710385 903161
21.710557 905857
21.710715 908553
21.710869 911249
21.711 912597
21.711101 915293
21.711196 917989
21.711288 920685
21.71138 923381
21.717049 924729
21.717201 927425
21.717379 930121
21.717547 932817
21.717703 935513
21.719318 938209
21.719508 940905
21.721878 943601
21.722032 946297
21.72331 948993
21.728924 950341
21.733594 951689
21.733768 954385
21.73393 957081
21.73526 959777
21.735432 962473
21.736535 965169
21.736711 967865
21.73683 970561
21.736925 973257
21.7374 975953
21.73757 978649
21.737727 981345
21.745821 984041
21.745999 986737
21.746155 988085
21.746256 990781
21.747685 993477
21.756351 996173
21.7565 998869
21.756679 1001565
21.75713 1004261
21.75728 1006957
21.757991 1008305
21.758162 1011001
21.758269 1013697
21.758363 1016393
21.758927 1017741
21.759103 1020437
21.759308 1023133
21.76143 1025829
21.761606 1028525
21.762353 1031221
21.764606 1033917
21.765009 1036613
21.765186 1039309
21.765521 1040657
21.768574 1043353
21.768757 1046049
21.768852 1048745
21.768947 1051441
21.769039 1054137
21.769132 1056833
21.773033 1058181
21.773854 1060877
21.774012 1063573
21.774188 1066269
21.774773 1067617
21.774947 1070313
21.777419 1073009
21.778186 1074357
21.778357 1077053
21.778464 1079749
21.779298 1082445
21.779472 1085141
21.781088 1087837
21.781242 1090533
21.781581 1091881
21.781685 1094577
21.784503 1097273
21.787243 1099969
21.787391 1102665
21.790413 1104013
21.790589 1106709
21.790794 1109405
21.790899 1112101
21.790994 1114797
21.791087 1117493
21.797918 1120189
21.798097 1122885
21.798268 1125581
21.798423 1128277
21.799319 1130973
21.799539 1133669
21.800439 1136365
21.803151 1139061
21.803373 1141757
21.803528 1144453
21.803662 1145801
21.803795 1148497
21.80391 1151193
21.804005 1153889
21.808043 1155237
21.80822 1157933
21.81015 1160629
21.812483 1163325
21.812661 1166021
21.81283 1168717
21.812967 1171413
21.81323 1172761
21.8134 1175457
21.813507 1178153
21.816274 1180849
21.816583 1183545
21.816714 1186241
21.818811 1188937
21.819227 1191633
21.819579 1194329
21.819733 1197025
21.819827 1199721
21.823286 1201069
21.82567 1203765
21.825882 1206461
21.826056 1207809
21.828758 1209157
21.828933 1211853
21.82918 1214549
21.829319 1217245
21.835776 1219941
21.835967 1222637
21.836138 1225333
21.836293 1228029
21.836804 1229377
21.836976 1232073
21.837131 1234769
21.83843 1237465
21.838592 1240161
21.838699 1242857
21.838831 1244205
21.838929 1246901
21.839024 1249597
21.857522 1252293
21.861743 1253641
21.861959 1256337
21.863804 1259033
21.863978 1261729
21.866094 1264425
21.874611 1267121
21.874821 1269817
21.874975 1272513
21.875163 1275209
21.875409 1277905
21.875547 1280601
21.875643 1283297
21.875738 1285993
21.876622 1288689
21.876777 1291385
21.878569 1292733
21.878723 1295429
21.886859 1296777
21.887018 1299473
21.887353 1302169
21.887526 1304865
21.887697 1307561
21.887813 1310257
21.887927 1312953
21.888028 1315649
21.890961 1318345
21.891687 1319693
21.894183 1322389
21.89473 1325085
21.894913 1327781
21.895221 1330477
21.90098 1331825
21.901193 1334521
21.901346 1337217
21.90274 1339913
21.902897 1342609
21.902992 1345305
21.90585 1348001
21.906035 1350697
21.906179 1352045
21.906282 1354741
21.906378 1357437
21.909133 1360133
21.911225 1361481
21.914896 1364177
21.918735 1366873
21.919218 1369569
21.921212 1372265
21.921368 1374961
21.921525 1377657
21.921997 1379005
21.922171 1381701
21.927002 1383049
21.927171 1385745
21.927382 1388441
21.927478 1391137
21.93109 1392485
21.931302 1395181
21.937402 1396529
21.937581 1399225
21.93775 1401921
21.939272 1404617
21.939446 1407313
21.93958 1410009
21.943887 1411357
21.944062 1414053
21.944219 1416749
21.944322 1419445
21.947366 1422141
21.947543 1424837
21.947681 1427533
21.950452 1428881
21.950605 1431577
21.950781 1434273
21.95141 1436969
21.951565 1439665
21.951718 1442361
21.951813 1445057
21.951927 1447753
21.952018 1450449
21.95211 1453145
21.95402 1454493
21.954193 1457189
21.954363 1459885
21.957862 1461233
21.95803 1463929
21.958186 1466625
21.959331 1469321
21.963461 1472017
21.963729 1474713
21.963891 1477409
21.964048 1480105
21.966437 1482801
21.966591 1485497
21.966773 1488193
21.966904 1490889
21.967086 1492237
21.967232 1494933
21.967329 1497629
21.969192 1498977
21.969713 1501673
21.969876 1504369
21.970357 1505717
21.97298 1508413
21.973151 1511109
21.973533 1513805
21.973636 1516501
21.976206 1517849
21.976385 1520545
21.976708 1523241
21.979425 1525937
21.979594 1528633
21.979732 1531329
21.979932 1534025
21.98003 1536721
21.980123 1539417
21.985258 1542113
21.985438 1544809
21.985608 1547505
21.986247 1550201
21.986421 1552897
21.98931 1555593
21.989464 1558289
21.989623 1559637
21.989757 1562333
21.992163 1565029
21.99524 1567725
21.995411 1570421
21.999541 1571769
21.999723 1574465
22.001502 1577161
22.001663 1579857
22.001758 1582553
22.001852 1585249
22.003333 1586597
22.003506 1589293
22.005983 1590641
22.006154 1593337
22.007341 1596033
22.008123 1598729
22.008296 1601425
22.008452 1604121
22.00861 1606817
22.008703 1609513
22.008794 1612209
22.008885 1614905
22.009276 1616253
22.011738 1617601
22.011997 1620297
22.012151 1622993
22.012345 1625689
22.012504 1628385
22.012659 1631081
22.014109 1633777
22.014277 1636473
22.015326 1639169
22.021157 1641865
22.021341 1644561
22.021511 1647257
22.022132 1649953
22.022288 1652649
22.025193 1655345
22.025348 1658041
22.025523 1660737
22.027038 1663433
22.027247 1666129
22.027354 1668825
22.027448 1671521
22.037315 1674217
22.045511 1675565
22.049961 1676913
22.05012 1679609
22.051319 1682305
22.061922 1685001
22.062825 1687697
22.065238 1690393
22.065418 1693089
22.065587 1695785
22.066664 1697133
22.066768 1699829
22.069562 1702525
22.069744 1705221
22.069986 1707917
22.07016 1710613
22.070267 1713309
22.07036 1716005
22.070452 1718701
22.09158 1720049
22.091839 1722745
22.092014 1725441
22.092194 1728137
22.092359 1730833
22.092515 1733529
22.092621 1736225
22.092793 1738921
22.092895 1741617
22.092989 1744313
22.093081 1747009
22.093179 1749705
22.093278 1752401
22.093368 1755097
22.09346 1757793
22.096121 1760489
22.0963 1763185
22.096473 1765881
22.098909 1768577
22.099065 1771273
22.099303 1773969
22.099478 1776665
22.099632 1779361
22.099804 1782057
22.109991 1784753
22.110368 1787449
22.113916 1790145
22.114101 1792841
22.114236 1794189
22.114407 1796885
22.114576 1799581
22.114712 1802277
22.116485 1804973
22.116653 1807669
22.118108 1809017
22.122518 1810365
22.122964 1813061
22.12312 1815757
22.129101 1818453
22.129253 1821149
22.131448 1823845
22.136223 1826541
22.136432 1829237
22.13654 1831933
22.137091 1834629
22.137263 1837325
22.13742 1840021
22.137518 1842717
22.137611 1845413
22.139342 1848109
22.139759 1849457
22.143157 1851351
