0.000000 0
178.529618 2697
178.529791 5393
178.529948 8089
178.530043 10785
178.530135 13481
178.566727 16177
178.570917 17525
178.571092 20221
178.571295 22917
178.57153 25613
178.571704 28309
178.571812 31005
178.575306 32353
178.577515 35049
178.579082 37745
178.579262 40441
178.609347 41789
178.609568 44485
178.609932 47181
178.610088 49877
178.612282 52573
178.61347 55269
178.61363 57965
178.6138 60661
178.613929 63357
178.614024 66053
178.614113 68749
178.614205 71445
178.615342 74141
178.61555 76837
178.615805 79533
178.61849 82229
178.619221 84925
178.619328 87621
178.64401 90317
178.650761 93013
178.651284 95709
178.651388 98405
