0.000000 0
17.829817 2697
18.01397 5393
18.016413 8089
18.023558 10785
18.152185 13481
18.152313 16177
18.154355 18873
18.154528 21569
18.157794 24265
18.311012 26961
18.312354 29657
18.312554 32353
18.312731 35049
18.312879 37745
18.315373 40441
18.315504 43137
18.318328 45833
18.318507 48529
18.318676 51225
18.31895 53921
18.423765 56617
18.423948 59313
18.424053 62009
18.424148 64705
18.425776 67401
18.425956 70097
18.426128 72793
18.426377 75489
18.426484 78185
18.426579 80881
18.426671 83577
18.426763 86273
18.427346 88969
18.531912 91665
18.532125 94361
18.532277 97057
18.535308 99753
18.535575 102449
18.535701 105145
18.536189 107841
18.536363 110537
18.53659 113233
18.536767 115929
18.536862 118625
18.539289 121321
18.539479 124017
18.539652 126713
18.545109 128061
18.545292 130757
18.547223 133453
18.547326 136149
18.551281 138845
18.551451 141541
18.551606 144237
18.551761 146933
18.551874 149629
18.551972 152325
18.648477 155021
18.648655 157717
18.648865 160413
18.651269 163109
18.651428 165805
18.660016 168501
18.6608 171197
18.660963 173893
18.661211 176589
18.661384 179285
18.661523 181981
18.661618 184677
18.66171 187373
18.661802 190069
18.661895 192765
18.661986 195461
18.662078 198157
18.666619 199505
18.666809 202201
18.666961 204897
18.667135 207593
18.667422 210289
18.667594 212985
18.667748 215681
18.667936 218377
18.668068 221073
18.668162 223769
18.66919 226465
18.669498 229161
18.707899 230509
18.708186 233205
18.708345 234553
18.769132 235901
18.769373 238597
18.769531 241293
18.769704 243989
18.769838 246685
18.769934 249381
18.770026 252077
18.771408 254773
18.771588 257469
18.771745 260165
18.771944 262861
18.775182 265557
18.776061 268253
18.776217 270949
18.776322 273645
18.776417 276341
18.776508 279037
18.776601 281733
18.776695 284429
18.779348 287125
18.779513 288473
18.779668 291169
18.77984 293865
18.780028 296561
18.780196 299257
18.78902 301953
18.789203 304649
18.789376 307345
18.789484 310041
18.789579 312737
18.791412 315433
18.791584 318129
18.791757 320825
18.795663 323521
18.795827 326217
18.795946 328913
18.799248 331609
18.799437 334305
18.816494 335653
18.816703 338349
18.818459 339697
18.852572 342393
18.852917 345089
18.889102 346437
18.889226 349133
18.889324 351829
18.889421 354525
18.889514 357221
18.889608 359917
18.889702 362613
18.889793 365309
18.889885 368005
18.89146 370701
18.891637 373397
18.891802 376093
18.891994 378789
18.89215 381485
18.892321 384181
18.903472 386877
18.904531 389573
18.904811 392269
18.904954 394965
18.905049 397661
18.905142 400357
18.905237 403053
18.905329 405749
18.905421 408445
18.907462 411141
18.907642 413837
18.907798 416533
18.907986 419229
18.90816 421925
18.908318 424621
18.913081 427317
18.913268 430013
18.913375 432709
18.915308 435405
18.925519 438101
18.925672 440797
18.925778 443493
18.925872 446189
18.927333 448885
18.927487 451581
18.962844 454277
18.963009 456973
18.96334 459669
18.963512 462365
18.963667 465061
18.963846 467757
18.964037 470453
18.964176 473149
18.964289 475845
18.964386 478541
18.964479 481237
18.964571 483933
18.964662 486629
18.996232 487977
18.996565 490673
19.010898 493369
19.01128 496065
19.011449 498761
19.011651 501457
19.011874 504153
19.012047 506849
19.01225 509545
19.012446 512241
19.012568 514937
19.012686 517633
19.0128 520329
19.012911 523025
19.013026 525721
19.013136 528417
19.013253 531113
19.013447 532461
19.013535 533809
19.013649 536505
19.013766 539201
19.013876 541897
19.013991 544593
19.015619 549985
19.016577 552681
19.016858 555377
19.017056 558073
19.017253 560769
19.017438 563465
19.017635 566161
19.017827 568857
19.018008 571553
19.018208 574249
19.018403 576945
19.018585 579641
19.01878 582337
19.018972 585033
19.019154 587729
19.019439 590425
19.019639 593121
19.019766 595817
19.019899 598513
19.020016 601209
19.05767 603905
19.057911 606601
19.058085 609297
19.058241 611993
19.058418 614689
19.058586 617385
19.058977 620081
19.059149 622777
19.05925 625473
19.059348 628169
19.059442 630865
19.059533 633561
19.059628 636257
19.059717 638953
19.059806 641649
19.059912 644345
19.060006 647041
19.060094 649737
19.060182 652433
19.060281 655129
19.060374 657825
19.060462 660521
19.060551 663217
19.07023 667261
19.079224 668609
19.080933 671305
19.099233 672653
19.099422 675349
19.099612 678045
19.09978 680741
19.099955 682089
19.100137 684785
19.100307 687481
19.100462 690177
19.100633 692873
19.100801 695569
19.100955 698265
19.113295 699613
19.115256 702309
19.115436 703657
19.121194 705005
19.121384 707701
19.121553 710397
19.121708 713093
19.121887 715789
19.122053 718485
19.123318 721181
19.123478 723877
19.123652 726573
19.123819 729269
19.123992 731965
19.134773 733313
19.135041 736009
19.135373 738705
19.135693 741401
19.135859 744097
19.136036 746793
19.136188 749489
19.136284 752185
19.136377 754881
19.13647 757577
19.136567 760273
19.136658 762969
19.136749 765665
19.136843 768361
19.136935 771057
19.137023 773753
19.137115 776449
19.137208 779145
19.137309 781841
19.137398 784537
19.137489 787233
19.148075 798017
19.148301 800713
19.148472 803409
19.148628 806105
19.148799 808801
19.148974 811497
19.149135 814193
19.14931 816889
19.149481 819585
19.149648 822281
19.149803 824977
19.149974 827673
19.150141 830369
19.150295 833065
19.151429 834413
19.151581 837109
19.151754 839805
19.151947 842501
19.152108 845197
19.152281 847893
19.152451 850589
19.152622 853285
19.152776 855981
19.152949 858677
19.153053 861373
19.163105 862721
19.163394 865417
19.163545 868113
19.163735 870809
19.163946 873505
19.164127 876201
19.164321 877549
19.164418 880245
19.175837 881593
19.176002 884289
19.176177 886985
19.176344 889681
19.176546 892377
19.176794 895073
19.177207 897769
19.17738 900465
19.177535 903161
19.177715 905857
19.177882 908553
19.177988 911249
19.178082 913945
19.178173 916641
19.178265 919337
19.178357 922033
19.178449 924729
19.205946 927425
19.206138 930121
19.206307 932817
19.206463 935513
19.206633 938209
19.206799 940905
19.206951 943601
19.207125 946297
19.207407 948993
19.207598 951689
19.207765 954385
19.20796 957081
19.208122 959777
19.2083 962473
19.208493 963821
19.208598 966517
19.213343 967865
19.213496 970561
19.213945 973257
19.214114 975953
19.214269 978649
19.214372 981345
19.214538 984041
19.214679 985389
19.214777 988085
19.214872 990781
19.225267 992129
19.225651 994825
19.236768 997521
19.238225 1000217
19.238404 1002913
19.238572 1005609
19.238726 1008305
19.2389 1011001
19.239066 1013697
19.239221 1016393
19.239512 1019089
19.239646 1021785
19.23974 1024481
19.239834 1027177
19.239943 1029873
19.240035 1032569
19.240127 1035265
19.240219 1037961
19.24031 1040657
19.240401 1043353
19.240492 1046049
19.240583 1048745
19.240678 1051441
19.240768 1054137
19.251997 1056833
19.252269 1059529
19.252423 1062225
19.252598 1064921
19.252763 1067617
19.25292 1070313
19.25309 1073009
19.253262 1075705
19.253419 1078401
19.253589 1081097
19.253754 1083793
19.253985 1086489
19.254286 1087837
19.254455 1090533
19.254609 1093229
19.254779 1095925
19.254944 1098621
19.255099 1101317
19.255278 1104013
19.255373 1106709
19.255468 1109405
19.255559 1112101
19.255651 1114797
19.255742 1117493
19.255834 1120189
19.265862 1121537
19.266021 1124233
19.26626 1126929
19.266461 1128277
19.266635 1130973
19.266802 1133669
19.266956 1136365
19.267129 1139061
19.267336 1141757
19.26744 1144453
19.267534 1147149
19.267626 1149845
19.267719 1152541
19.267811 1155237
19.269217 1156585
19.26939 1160629
19.269615 1163325
19.270068 1166021
19.270225 1168717
19.27032 1171413
19.270414 1174109
19.270505 1176805
19.270597 1179501
19.270689 1182197
19.270781 1184893
19.281085 1186241
19.281242 1188937
19.281419 1191633
19.281593 1194329
19.281746 1197025
19.281917 1199721
19.282142 1202417
19.28249 1205113
19.282708 1206461
19.282844 1209157
19.282938 1211853
19.283029 1214549
19.28312 1217245
19.283245 1219941
19.283338 1222637
19.283429 1225333
19.28352 1228029
19.28361 1230725
19.283702 1233421
19.283794 1236117
19.283901 1237465
19.283994 1240161
19.28409 1242857
19.284184 1246901
19.308671 1250945
19.308835 1253641
19.309013 1256337
19.309179 1259033
19.309333 1261729
19.309507 1264425
19.309674 1267121
19.309828 1269817
19.309999 1272513
19.310161 1275209
19.310314 1277905
19.311581 1280601
19.311765 1283297
19.311952 1285993
19.312113 1288689
19.312287 1291385
19.312468 1294081
19.312611 1296777
19.312779 1299473
19.313946 1302169
19.314102 1304865
19.314273 1307561
19.314838 1308909
19.314957 1310257
19.315146 1312953
19.328546 1315649
19.329064 1318345
19.329238 1321041
19.329409 1323737
19.32957 1326433
19.329673 1329129
19.329768 1331825
19.330584 1333173
19.330757 1335869
19.348515 1338565
19.348677 1341261
19.348858 1343957
19.349034 1346653
19.34917 1349349
19.349265 1352045
19.349358 1354741
19.349454 1357437
19.349546 1360133
19.350464 1362829
19.350638 1365525
19.350793 1368221
19.350965 1370917
19.351134 1373613
19.3513 1376309
19.351452 1379005
19.368573 1380353
19.368877 1383049
19.369043 1385745
19.369297 1388441
19.369768 1391137
19.369873 1393833
19.369966 1396529
19.370058 1399225
19.370151 1401921
19.370241 1404617
19.370333 1407313
19.370427 1410009
19.37052 1412705
19.370609 1415401
19.370699 1418097
19.370788 1420793
19.370882 1423489
19.370972 1426185
19.371061 1428881
19.37117 1431577
19.375399 1445057
19.375583 1447753
19.375759 1450449
19.375942 1453145
19.376096 1455841
19.376267 1458537
19.376434 1461233
19.376588 1463929
19.376757 1466625
19.376939 1469321
19.377091 1472017
19.377261 1474713
19.377431 1477409
19.377584 1480105
19.377753 1482801
19.377922 1485497
19.378088 1488193
19.378241 1490889
19.378863 1492237
19.379011 1494933
19.379212 1497629
19.379389 1500325
19.379544 1503021
19.379718 1505717
19.379908 1508413
19.383378 1511109
19.383549 1513805
19.38372 1516501
19.383824 1519197
19.383931 1521893
19.384025 1524589
19.384532 1527285
19.384687 1529981
19.38486 1532677
19.385029 1535373
19.385183 1538069
19.388289 1540765
19.38847 1543461
19.388638 1546157
19.388793 1548853
19.388896 1551549
19.388992 1554245
19.389084 1556941
19.391376 1559637
19.39156 1562333
19.391718 1565029
19.391902 1567725
19.392073 1570421
19.392179 1573117
19.415758 1574465
19.417225 1575813
19.417491 1578509
19.417589 1581205
19.417685 1583901
19.417778 1586597
19.41787 1589293
19.417962 1591989
19.418054 1594685
19.418161 1597381
19.418256 1600077
19.418349 1602773
19.418441 1605469
19.41853 1608165
19.418622 1610861
19.418713 1613557
19.419511 1620297
19.419686 1622993
19.419876 1625689
19.420039 1628385
19.420212 1631081
19.42038 1633777
19.420535 1636473
19.430864 1639169
19.431285 1641865
19.432295 1643213
19.444841 1645909
19.445026 1648605
19.445218 1651301
19.445413 1653997
19.445719 1656693
19.445877 1659389
19.446053 1662085
19.446223 1664781
19.4464 1667477
19.446555 1670173
19.446727 1672869
19.446895 1675565
19.447001 1678261
19.447095 1680957
19.447209 1683653
19.447398 1685001
19.447495 1687697
19.447588 1690393
19.447679 1693089
19.44777 1695785
19.447876 1698481
19.447969 1701177
19.448059 1703873
19.44815 1706569
19.45261 1707917
19.452814 1710613
19.452975 1713309
19.455135 1714657
19.455315 1717353
19.476731 1237465
19.476994 1240161
19.477166 1242857
