0.000000 0
12.683733 1449
12.683815 4145
12.804927 5493
12.812116 8189
12.815261 10885
12.914021 13581
12.91959 16277
12.923516 18973
12.923719 21669
12.926006 24365
12.926365 27061
13.022062 29757
13.028441 32453
13.029323 35149
13.035094 37845
13.035331 40541
13.03596 43237
13.041239 45933
13.041793 48629
13.04224 51325
13.047908 54021
13.048267 56717
13.051327 59413
13.143681 60761
13.145089 63457
13.145266 66153
13.150165 68849
13.150345 71545
13.151254 74241
13.156448 76937
13.167015 79633
13.16723 81211
