0.000000 0
8.26605 4145
8.267207 1449
8.389126 4250
8.993395 5741
8.993992 7089
8.994196 9785
8.995226 12481
9.111297 13829
9.117699 16525
9.117887 19221
9.118449 21917
9.120903 24613
9.121294 27309
9.229603 30005
9.235681 32701
9.236203 35397
9.236834 38093
9.237012 40789
9.238852 43485
9.242811 46181
9.24297 48877
9.243075 51573
9.243344 54269
9.245673 56965
9.246059 59661
9.354123 62357
9.355875 65053
9.370384 67749
9.370732 70445
9.374924 73141
9.375083 75837
9.375301 78533
9.375436 81229
9.375533 83925
9.375625 86621
9.375716 89317
9.508487 90250
9.724047 90273
