0.000000 0
129.589562 2697
129.589746 5393
129.589915 8089
129.591047 9437
129.591168 12133
129.629438 14829
129.629601 17525
129.629786 20221
129.630187 22917
129.63034 25613
129.632654 28309
129.632913 29657
129.633086 32353
129.661183 35049
129.661341 37745
129.663331 40441
129.669624 41789
129.669807 44485
129.670892 45833
129.673188 48529
129.673355 51225
129.674266 52573
129.776747 55001
129.776903 57697
129.777076 60393
129.777247 63089
129.777418 65785
129.777573 68481
129.77774 69870
129.777866 72566
129.779296 75262
129.779471 77958
129.779577 80654
129.779672 83350
129.779767 86046
129.779945 88209
