0.000000 0
18.319151 2721
18.358286 5441
18.359212 8161
18.367968 10881
18.394409 13601
18.394691 16321
18.394843 19041
18.39494 21761
18.399994 24481
18.414038 27201
18.428856 29921
18.43296 32641
18.435164 34001
18.436675 36721
18.436836 39441
18.437025 42161
18.438088 43521
18.438243 46241
18.438337 48961
18.43843 51681
18.439646 54401
18.440792 55761
18.443207 58481
18.448068 59841
18.479657 62561
18.483212 65281
18.503079 68001
18.503291 70721
18.503499 73441
18.503604 76161
18.503699 78739
