0.000000 0
129.397653 2697
129.39894 4045
129.430051 5393
129.433084 8089
129.435223 10785
129.464961 12133
129.465202 14829
129.467235 17525
129.4674 20221
129.471208 21569
129.47812 24265
129.503252 26961
129.510379 29657
129.510569 32353
129.510723 35049
129.510874 37745
129.511276 40441
129.511433 43137
129.511607 45833
129.53559 48529
129.536242 51225
129.536408 53921
129.539256 56617
129.555035 59313
129.555341 62009
129.55561 64705
129.556071 67401
129.55625 70097
129.556387 72793
129.556481 75489
129.556572 78185
129.556663 80881
129.556754 83577
129.556846 86273
129.567186 88969
129.567347 91665
129.584767 93013
129.585198 95709
129.585431 98405
129.585692 101101
129.585967 103797
129.593056 105145
129.59322 107841
129.593395 110537
129.593562 113233
129.595317 115929
129.595424 118625
129.59978 119973
129.59998 122669
129.600737 125365
129.600869 128061
129.602903 130757
129.603518 133453
129.603696 136149
129.603863 138845
129.603965 141541
129.604063 144237
129.604154 146933
129.607236 149629
129.621099 150977
129.621387 153673
129.62325 156369
129.635778 159065
129.63607 161761
129.636299 164457
129.636564 167153
129.636846 169849
129.639367 172545
129.639475 175241
129.639569 177937
129.639661 180633
129.64233 183329
129.64251 186025
129.642704 188721
129.642935 191417
129.643194 194113
129.643421 196809
129.643677 199505
129.64386 202201
129.644061 204897
129.644178 207593
129.644273 210289
129.646513 211637
129.654826 212985
129.655086 215681
129.655451 218377
129.655675 221073
129.655874 223769
129.656051 226465
129.656223 229161
129.656379 231857
129.656551 234553
129.65672 237249
129.656875 239945
129.657046 242641
129.676043 243989
129.676305 246685
129.67653 249381
129.676711 252077
129.677511 253425
129.679858 254773
129.680032 257469
129.680208 260165
129.680377 262861
129.680684 265557
129.680787 268253
129.680882 270949
129.680973 273645
129.695562 274993
129.695784 277689
129.695975 280385
129.696131 283081
129.696303 285777
129.696477 288473
129.696632 291169
129.696791 293865
129.696885 296561
129.697042 299257
129.697138 301953
129.697231 304649
129.697323 307345
129.702121 310041
129.702306 312737
129.702479 315433
129.702634 318129
129.721594 320825
129.721786 323521
129.721957 326217
129.722117 328913
129.72229 331609
129.722457 334305
129.722612 337001
129.722976 339697
129.723131 342393
129.723247 345089
129.723341 347785
129.723432 350481
129.727368 353177
129.72753 355873
129.727715 358569
129.729264 361265
129.729417 363961
129.747896 366657
129.748053 369353
129.748228 372049
129.748398 374745
129.748553 377441
129.748659 380137
129.748881 382833
129.748978 385529
129.749071 388225
129.749161 390921
129.749251 393617
129.749342 396313
129.749433 399009
129.749521 401705
129.749612 404401
129.749703 407097
129.749792 409793
129.749883 412489
129.752344 413837
129.752496 416533
129.754137 417881
129.766407 420577
129.766562 423273
129.76674 425969
129.766913 428665
129.767069 431361
129.767334 434057
129.767503 436753
129.76771 439449
129.774658 440797
129.774831 443493
129.774987 446189
129.775293 448885
129.78277 451581
129.782921 454277
129.783308 456973
129.794992 459669
129.795221 462365
129.795372 465061
129.795541 467757
129.795705 470453
129.795808 473149
129.814747 474497
129.81491 477193
129.815112 479889
129.815372 482585
129.815467 485281
129.815559 487977
129.815651 490673
129.815788 493369
129.815905 496065
129.815997 498761
129.816089 501457
129.81618 504153
129.827684 505501
129.82788 508197
129.828034 510893
129.828207 513589
129.828366 514937
129.828532 517633
129.828698 520329
129.828868 523025
129.829021 525721
129.843852 528417
129.844106 531113
129.844264 533809
129.844437 536505
129.844609 539201
129.844777 541897
129.844932 544593
129.845102 547289
129.845271 549985
129.845417 552681
129.845588 555377
129.845692 558073
129.845786 560769
129.845877 563465
129.847347 566161
129.847514 568857
129.847642 570205
129.847811 572901
129.865368 575597
129.86555 578293
129.865718 580989
129.865879 583685
129.867322 586381
129.867471 589077
129.871512 590425
129.877732 593121
129.877909 595817
129.87931 598513
129.894507 599861
129.894664 602557
129.894939 605253
129.89511 607949
129.895313 610645
129.895421 613341
129.895513 616037
129.895604 618733
129.895695 621429
129.895787 624125
129.895893 626821
129.900166 629517
129.900345 632213
129.900522 634909
129.900681 637605
129.900834 640301
129.901003 642997
129.901476 645693
129.901627 648389
129.901798 651085
129.901921 653781
129.902013 656477
129.910027 657825
129.910182 660521
129.910358 663217
129.910534 665913
129.911088 668609
129.911224 671305
129.919123 672653
129.919329 675349
129.919504 678045
129.919671 680741
129.925804 683437
129.927213 686133
129.939319 688829
129.939507 691525
129.939663 694221
129.939838 696917
129.940023 699613
129.94013 702309
129.940223 705005
129.940314 707701
129.940405 710397
129.940495 713093
129.940597 715789
129.940686 718485
129.943322 721181
129.950648 722529
129.950822 725225
129.950979 727921
129.951169 730617
129.951395 733313
129.951546 736009
129.971388 738705
129.97157 741401
129.97173 744097
129.971898 746793
129.972073 749489
129.97224 752185
129.975219 754881
129.983761 757577
129.983955 760273
129.984088 762969
129.984183 765665
129.984275 768361
129.984369 771057
129.984485 773753
129.98727 776449
129.987448 779145
129.987607 781841
129.987753 784537
129.989246 785885
129.995793 787233
129.995982 789929
129.999292 792625
130.005032 793973
130.005198 796669
130.007223 799365
130.014141 802061
130.014315 804757
130.014471 807453
130.014579 810149
130.015335 812845
130.015495 815541
130.021673 818237
130.021854 820933
130.022021 823629
130.022174 826325
130.022277 829021
130.022371 831717
130.022463 834413
130.023024 837109
130.023212 839805
130.02339 842501
130.023544 845197
130.023702 847893
130.023799 850589
130.028065 851937
130.028238 854633
130.029777 857329
130.036299 860025
130.036475 862721
130.036645 865417
130.03675 868113
130.036844 870809
130.036935 873505
130.037026 876201
130.037115 878897
130.037206 881593
130.037297 884289
130.037385 886985
130.037476 889681
130.037565 892377
130.039415 895073
130.039633 896421
130.039803 899117
130.039971 901813
130.040142 904509
130.040307 907205
130.042241 909901
130.042403 912597
130.043321 915293
130.064419 916641
130.064833 919337
130.065059 922033
130.065267 924729
130.065488 927425
130.065716 930121
130.065864 932817
130.066003 935513
130.0661 938209
130.066203 940905
130.06635 943601
130.06653 946297
130.066677 948993
130.066791 951689
130.06691 954385
130.067015 957081
130.067386 959777
130.069814 962473
130.07005 965169
130.070656 967865
130.070865 970561
130.071093 973257
130.071312 974605
130.071541 977301
130.071784 979997
130.086252 981345
130.086449 984041
130.086644 986737
130.086823 989433
130.087084 990781
130.087296 993477
130.087477 996173
130.087677 998869
130.087834 1001565
130.087963 1004261
130.088075 1006957
130.088189 1009653
130.088306 1012349
130.088422 1015045
130.088537 1017741
130.088641 1020437
130.088757 1023133
130.088862 1025829
130.088977 1028525
130.098445 1029873
130.098648 1032569
130.09881 1035265
130.098997 1037961
130.099362 1040657
130.099539 1043353
130.111274 1046049
130.111465 1048745
130.111664 1051441
130.111858 1054137
130.112069 1056833
130.112264 1059529
130.112558 1062225
130.112741 1064921
130.112937 1067617
130.113131 1070313
130.127649 1073009
130.127854 1075705
130.128046 1078401
130.128238 1081097
130.128443 1083793
130.12856 1086489
130.128674 1089185
130.128789 1091881
130.128911 1094577
130.129289 1095925
130.129475 1098621
130.129669 1101317
130.129855 1104013
130.130053 1106709
130.130217 1109405
130.146823 1110753
130.147017 1113449
130.147309 1116145
130.147474 1118841
130.147673 1121537
130.147815 1122885
130.147998 1125581
130.148107 1128277
130.148223 1130973
130.148341 1133669
130.148452 1136365
130.148563 1139061
130.148678 1141757
130.148787 1144453
130.148892 1147149
130.148998 1149845
130.153573 1151193
130.153757 1153889
130.153935 1156585
130.15413 1159281
130.154315 1160629
130.154501 1163325
130.154694 1166021
130.154878 1168717
130.155075 1171413
130.155271 1174109
130.176064 1175457
130.176259 1178153
130.176454 1180849
130.176633 1183545
130.176831 1186241
130.177023 1188937
130.177143 1191633
130.177256 1194329
130.17737 1197025
130.177481 1199721
130.177584 1202417
130.177692 1205113
130.177927 1207809
130.178023 1210505
130.178134 1213201
130.17824 1215897
130.178347 1218593
130.17845 1221289
130.186208 1223985
130.186392 1226681
130.186565 1229377
130.186763 1232073
130.186953 1234769
130.190237 1236117
130.190417 1238813
130.214057 1240161
130.214249 1242857
130.214442 1245553
130.214621 1248249
130.214818 1250945
130.21506 1252293
130.215213 1253641
130.215391 1256337
130.21557 1259033
130.215715 1260381
130.215891 1263077
130.21609 1265773
130.216288 1268469
130.216467 1271165
130.216658 1273861
130.216849 1276557
130.218976 1277905
130.21917 1280601
130.219414 1283297
130.219534 1285993
130.219641 1288689
130.219746 1291385
130.219862 1294081
130.219967 1296777
130.220069 1299473
130.220174 1302169
130.236577 1304865
130.236768 1307561
130.236962 1310257
130.237134 1312953
130.23733 1315649
130.237662 1318345
130.237848 1321041
130.23802 1323737
130.238215 1326433
130.238406 1329129
130.238563 1331825
130.238669 1334521
130.238783 1337217
130.238891 1339913
130.239001 1342609
130.239108 1345305
130.239229 1348001
130.239339 1350697
130.248537 1352045
130.248695 1354741
130.248896 1357437
130.249089 1360133
130.249268 1362829
130.250515 1364177
130.250669 1366873
130.26211 1369569
130.262328 1372265
130.262523 1374961
130.2627 1377657
130.262895 1380353
130.263088 1383049
130.263311 1385745
130.263421 1388441
130.263536 1391137
130.263644 1393833
130.263786 1396529
130.263916 1399225
130.26403 1401921
130.27201 1404617
130.272245 1407313
130.272434 1410009
130.272709 1412705
130.272892 1415401
130.273063 1418097
130.273222 1420793
130.273377 1423489
130.273548 1426185
130.273818 1428881
130.273972 1431577
130.29334 1434273
130.293527 1436969
130.294463 1439665
130.294684 1442361
130.294841 1445057
130.294936 1447753
130.295029 1450449
130.29512 1453145
130.295265 1455841
130.295366 1458537
130.295457 1461233
130.295548 1463929
130.295639 1466625
130.295727 1469321
130.29582 1472017
130.295925 1474713
130.296018 1477409
130.296108 1480105
130.303479 1482801
130.30366 1485497
130.303812 1488193
130.303999 1490889
130.307363 1493585
130.307519 1496281
130.331049 1498977
130.331356 1501673
130.331528 1504369
130.331682 1507065
130.331864 1509761
130.332035 1512457
130.332203 1515153
130.332357 1517849
130.332526 1520545
130.332691 1523241
130.332845 1525937
130.333013 1528633
130.333179 1531329
130.333332 1534025
130.333504 1536721
130.333716 1538069
130.333818 1540765
130.333913 1543461
130.334004 1546157
130.334095 1548853
130.334186 1551549
130.334276 1554245
130.334367 1556941
130.334458 1559637
130.334546 1562333
130.356412 1563681
130.356587 1566377
130.356754 1569073
130.356909 1571769
130.357078 1574465
130.357243 1577161
130.357396 1579857
130.357564 1582553
130.35773 1585249
130.357903 1587945
130.358057 1590641
130.359423 1593337
130.359594 1596033
130.359728 1598729
130.359822 1601425
130.35993 1604121
130.36002 1606817
130.360111 1609513
130.362646 1612209
130.362816 1614905
130.362974 1617601
130.363152 1620297
130.363388 1622993
130.363542 1625689
130.385459 1628385
130.385638 1631081
130.385805 1633777
130.385958 1636473
130.386127 1639169
130.386259 1641865
130.386353 1644561
130.386444 1647257
130.386534 1649953
130.386625 1652649
130.386715 1655345
130.386803 1658041
130.387319 1660737
130.387472 1663433
130.387643 1666129
130.3879 1668825
130.388049 1671521
130.388226 1674217
130.392798 1676913
130.392952 1679609
130.393124 1682305
130.393292 1685001
130.39476 1686349
130.394933 1689045
130.395036 1691741
130.413732 1693089
130.413972 1695785
130.414139 1698481
130.414296 1701177
130.414399 1703873
130.414492 1706569
130.414584 1709265
130.414673 1711961
130.414813 1714657
130.414907 1717353
130.421979 1720049
130.422156 1722745
130.422325 1725441
130.422479 1728137
130.422654 1730833
130.42282 1733529
130.422976 1736225
130.423137 1738921
130.423386 1741617
130.42354 1744313
130.423709 1747009
130.423875 1749705
130.42397 1752401
130.424064 1755097
130.424149 1756445
130.425974 1759141
130.426239 1761837
130.445704 1763185
130.44586 1765881
130.446035 1768577
130.446204 1771273
130.446359 1773969
130.446529 1776665
130.446696 1779361
130.446849 1782057
130.446956 1784753
130.44705 1787449
130.447149 1790145
130.447416 1791493
130.447586 1794189
130.44774 1796885
130.447854 1799581
130.44795 1802277
130.44804 1804973
130.448131 1807669
130.448221 1810365
130.451927 1811713
130.452106 1814409
130.452272 1817105
130.45527 1818453
130.45544 1821149
130.474947 1822497
130.475133 1825193
130.475441 1827889
130.475592 1830585
130.475762 1833281
130.475906 1835977
130.476 1838673
130.476091 1841369
130.476181 1844065
130.476273 1846761
130.476363 1849457
130.476453 1852153
130.476547 1854849
130.476635 1857545
130.476726 1860241
130.476814 1862937
130.476906 1865633
130.476994 1868329
130.480129 1871025
130.480305 1873721
130.480459 1876417
130.480629 1879113
130.481615 1880461
130.481787 1883157
130.481952 1885853
130.510277 1887201
130.510458 1889897
130.510625 1892593
130.510775 1895289
130.510946 1897985
130.511114 1900681
130.511384 1903377
130.511556 1906073
130.511737 1908769
130.51192 1911465
130.512075 1914161
130.512238 1916857
130.512407 1919553
130.512511 1922249
130.512605 1924945
130.512696 1927641
130.512781 1928989
130.512874 1931685
130.512962 1934381
130.5147 1937077
130.515212 1939773
130.516056 1942469
130.516208 1945165
130.5192 1947861
130.519369 1950557
130.545096 1951905
130.545329 1954601
130.545497 1957297
130.545651 1959993
130.545825 1962689
130.545992 1965385
130.546146 1968081
130.546321 1970777
130.54649 1973473
130.546594 1976169
130.546688 1978865
130.546779 1981561
130.54687 1984257
130.546964 1986953
130.547055 1989649
130.547352 1990997
130.547525 1993693
130.547692 1996389
130.547855 1999085
130.549508 2001781
130.550052 2004477
130.551931 2007173
130.552085 2009869
130.552642 2012565
130.552798 2015261
130.56093 2016609
130.561109 2019305
130.561276 2022001
130.56153 2024697
130.561708 2027393
130.561876 2030089
130.562015 2032785
130.562109 2035481
130.562199 2038177
130.56229 2040873
130.56238 2043569
130.562471 2046265
130.562562 2048961
130.562653 2051657
130.562744 2054353
130.562833 2057049
130.562927 2059745
130.563017 2062441
130.563106 2065137
130.565953 2066485
130.566131 2069181
130.566307 2071877
130.566462 2074573
130.567322 2077269
130.567547 2079965
130.57955 2081313
130.579732 2084009
130.580043 2086705
130.580267 2089401
130.580522 2092097
130.601918 2093445
130.602108 2096141
130.602273 2098837
130.602427 2101533
130.602687 2104229
130.602792 2106925
130.602885 2109621
130.602979 2112317
130.60307 2115013
130.603179 2117709
130.603285 2120405
130.603386 2123101
130.609309 2125797
130.609484 2128493
130.60964 2131189
130.60981 2133885
130.609977 2136581
130.611344 2139277
130.611518 2141973
130.6117 2144669
130.614179 2146017
130.614356 2148713
130.615225 2151409
130.626839 2152757
130.627017 2155453
130.627169 2158149
130.627404 2160845
130.627572 2163541
130.627732 2166237
130.627835 2168933
130.627936 2170281
130.628037 2172977
130.62813 2175673
130.62822 2178369
130.628311 2181065
130.628402 2183761
130.635718 2185109
130.635906 2187805
130.636082 2190501
130.63625 2193197
130.636403 2195893
130.636574 2198589
130.636732 2201285
130.63802 2202633
130.63819 2205329
130.638344 2208025
130.653243 2210721
130.653589 2213417
130.653754 2216113
130.65391 2218809
130.65408 2221505
130.654185 2224201
130.654281 2226897
130.654372 2229593
130.654468 2232289
130.654559 2234985
130.65465 2237681
130.654741 2240377
130.654832 2243073
130.654921 2245769
130.655015 2248465
130.655106 2251161
130.65521 2253857
130.655305 2256553
130.655398 2259249
130.66245 2260597
130.66264 2263293
130.662808 2265989
130.663425 2268685
130.663597 2271381
130.663765 2274077
130.684602 2275425
130.684882 2278121
130.68516 2280817
130.68539 2283513
130.685651 2286209
130.685915 2288905
130.686138 2291601
130.686387 2294297
130.686634 2296993
130.686925 2298341
130.687105 2301037
130.687298 2303733
130.687406 2306429
130.687502 2309125
130.687594 2311821
130.687685 2314517
130.687776 2317213
130.687884 2319909
130.687976 2322605
130.690071 2325301
130.690246 2327997
130.690413 2330693
130.691293 2333389
130.691591 2336085
130.691862 2338781
130.719542 2340129
130.721229 2342825
130.721602 2345521
130.721845 2348217
130.722072 2350913
130.722321 2353609
130.722532 2356305
130.722709 2359001
130.72288 2361697
130.723057 2364393
130.723363 2367089
130.723542 2369785
130.723724 2372481
130.723918 2375177
130.724109 2376525
130.724258 2379221
130.724439 2381917
130.724619 2384613
130.724785 2385961
130.727679 2406181
130.728353 2407529
130.743893 2408877
130.744247 2411573
130.74448 2414269
130.744733 2416965
130.745009 2419661
130.745235 2422357
130.745482 2425053
130.745739 2427749
130.745958 2430445
130.746203 2433141
130.746458 2435837
130.74672 2438533
130.74696 2441229
130.74724 2442577
130.747454 2445273
130.747702 2447969
130.747969 2450665
130.748188 2453361
130.748363 2456057
130.750368 2457405
130.750603 2460101
130.75086 2462797
130.751233 2465493
130.75148 2468189
130.768735 2469537
130.768919 2472233
130.769095 2474929
130.76925 2477625
130.769421 2480321
130.769554 2483017
130.769648 2485713
130.769741 2488409
130.769832 2491105
130.770017 2492453
130.770115 2495149
130.770209 2497845
130.7703 2500541
130.770391 2503237
130.770482 2505933
130.770571 2508629
130.770661 2511325
130.770757 2514021
130.770845 2516717
130.778024 2518065
130.778177 2520761
130.778332 2522109
130.778486 2524805
130.778657 2527501
130.778833 2530197
130.779 2532893
130.800464 2534241
130.800658 2536937
130.800829 2539633
130.800983 2542329
130.801154 2545025
130.801321 2547721
130.801475 2550417
130.801712 2551765
130.801863 2554461
130.802035 2557157
130.802201 2559853
130.802355 2562549
130.80253 2565245
130.802692 2567941
130.802867 2570637
130.80302 2573333
130.803206 2576029
130.803346 2578725
130.80344 2581421
130.805677 2582769
130.80583 2585465
130.806004 2588161
130.80617 2590857
130.807312 2593553
130.807411 2596249
130.818221 2598945
130.818388 2601641
130.818543 2604337
130.818712 2607033
130.81938 2609729
130.819493 2612425
130.83585 2615121
130.836082 2617817
130.836256 2620513
130.836409 2623209
130.836642 2625905
130.836902 2627253
130.837007 2629949
130.8371 2632645
130.837191 2635341
130.837283 2638037
130.837374 2640733
130.837466 2643429
130.837557 2646125
130.837651 2648821
130.837741 2651517
130.837836 2654213
130.83793 2656909
130.838019 2659605
130.838111 2662301
130.864092 2663649
130.864272 2666345
130.864434 2669041
130.864599 2671737
130.864846 2674433
130.86516 2675781
130.865332 2678477
130.865508 2681173
130.865662 2683869
130.865833 2686565
130.866004 2689261
130.866167 2691957
130.866321 2694653
130.866491 2697349
130.866657 2700045
130.866811 2702741
130.86698 2705437
130.867154 2708133
130.867268 2710829
130.869591 2712177
130.869745 2714873
130.869917 2717569
130.870092 2720265
130.870223 2722961
130.871358 2724309
130.871529 2727005
130.887362 2728353
130.887551 2731049
130.887742 2733745
130.888078 2736441
130.88818 2739137
130.888274 2741833
130.88837 2744529
130.888464 2747225
130.888555 2749921
130.888646 2752617
130.888735 2755313
130.888826 2758009
130.888917 2760705
130.889006 2763401
130.889097 2766097
130.889187 2768793
130.889281 2771489
130.889371 2774185
130.893825 2776881
130.894096 2779577
130.894274 2782273
130.894439 2784969
130.894613 2787665
130.894769 2790361
130.915079 2793057
130.915325 2795753
130.915498 2798449
130.915654 2801145
130.915825 2803841
130.91601 2806537
130.916205 2809233
130.916477 2810581
130.91663 2813277
130.916811 2815973
130.916974 2818669
130.928616 2820017
130.928836 2822713
130.929107 2825409
130.929263 2828105
130.929437 2830801
130.929605 2833497
130.92974 2836193
130.929834 2838889
130.929926 2841585
130.930022 2844281
130.930114 2846977
130.930206 2849673
130.930297 2852369
130.930387 2855065
130.931293 2856413
130.94739 2857761
130.947661 2860457
130.947823 2863153
130.94799 2865849
130.94816 2868545
130.948317 2871241
130.948461 2873937
130.94863 2876633
130.948784 2879329
130.948926 2882025
130.949109 2884721
130.949347 2887417
130.949505 2888765
130.949621 2891461
130.949745 2894157
130.949839 2896853
130.949963 2899549
130.950075 2902245
130.950166 2904941
130.953567 2906289
130.953717 2908985
130.953884 2911681
130.954048 2914377
130.955237 2917073
130.955386 2919769
130.9589 2922465
130.959251 2925161
130.983653 2927857
130.983945 2929205
130.984116 2931901
130.984269 2934597
130.984441 2937293
130.984608 2939989
130.984778 2942685
130.984931 2945381
130.985094 2948077
130.985254 2950773
130.985406 2953469
130.985573 2956165
130.985703 2958861
130.985797 2961557
130.985889 2964253
130.987127 2966949
130.987318 2969645
130.987473 2972341
130.987642 2975037
130.989317 2977733
130.989495 2980429
130.989655 2981777
130.98975 2984473
130.99833 2987169
130.998512 2989865
130.99868 2992561
130.998834 2995257
130.999345 2997953
130.999505 3000649
131.015147 3003345
131.015472 3004693
131.015642 3007389
131.015796 3010085
131.015965 3012781
131.016058 3015477
131.01615 3018173
131.01624 3020869
131.016331 3023565
131.016422 3026261
131.016514 3028957
131.016605 3031653
131.016693 3034349
131.016784 3037045
131.016875 3039741
131.016963 3042437
131.017053 3045133
131.018905 3047829
131.01921 3050525
131.026182 3051873
131.026354 3054569
131.026509 3057265
131.027353 3059961
131.02752 3062657
131.034224 3064005
131.034461 3066701
131.034636 3069397
131.035314 3072093
131.046725 3074789
131.046905 3077485
131.047074 3080181
131.047321 3082877
131.047493 3085573
131.047659 3088269
131.047812 3090965
131.047994 3093661
131.048153 3096357
131.048309 3099053
131.048479 3101749
131.048658 3104445
131.048789 3107141
131.048882 3109837
131.048973 3112533
131.049064 3115229
131.062342 3116577
131.062514 3119273
131.062683 3121969
131.062835 3124665
131.063009 3127361
131.063319 3130057
131.063422 3132753
131.063527 3135449
131.063719 3138145
131.063818 3140841
131.063926 3143537
131.071753 3144885
131.071922 3147581
131.072102 3150277
131.072427 3152973
131.072588 3155669
131.072765 3158365
131.072932 3161061
131.073086 3163757
131.073253 3166453
131.0753 3169149
131.075475 3171845
131.075629 3174541
131.07578 3177237
131.076002 3179933
131.077821 3181281
131.077989 3183977
131.079213 3186673
131.079389 3189369
131.097829 3190717
131.097986 3193413
131.098164 3196109
131.098332 3198805
131.098573 3201501
131.098808 3202849
131.098912 3205545
131.099006 3208241
131.099097 3210937
131.099206 3213633
131.099298 3216329
131.09939 3219025
131.099478 3221721
131.09957 3224417
131.09966 3227113
131.099748 3229809
131.099839 3232505
131.099948 3235201
131.100039 3237897
131.1034 3239245
131.103577 3241941
131.105073 3243289
131.123645 3245985
131.123826 3248681
131.124008 3251377
131.124161 3254073
131.124332 3256769
131.124494 3259465
131.12464 3262161
131.124808 3264857
131.127328 3267553
131.127482 3270249
131.127722 3272945
131.127976 3275641
131.128123 3276989
131.128296 3279685
131.128463 3282381
131.130203 3285077
131.13038 3286425
131.13053 3289121
131.136779 3290469
131.137274 3293165
131.137451 3295861
131.137641 3298557
131.137875 3301253
131.137971 3303949
131.138067 3306645
131.138158 3309341
131.152741 3310689
131.152923 3313385
131.15309 3316081
131.153242 3318777
131.15341 3321473
131.153802 3324169
131.153953 3326865
131.154127 3329561
131.154293 3332257
131.154427 3334953
131.154521 3337649
131.154614 3340345
131.154705 3343041
131.154796 3345737
131.154884 3348433
131.154976 3351129
131.155067 3353825
131.155177 3356521
131.155274 3359217
131.161154 3360565
131.161334 3363261
131.16149 3365957
131.16245 3368653
131.162623 3371349
131.162795 3374045
131.184486 3375393
131.184674 3378089
131.184843 3380785
131.185042 3383481
131.185323 3384829
131.185477 3387525
131.185653 3390221
131.185821 3392917
131.185974 3395613
131.186079 3398309
131.186173 3401005
131.186263 3403701
131.186354 3406397
131.186445 3409093
131.186536 3411789
131.186626 3414485
131.186714 3417181
131.186804 3419877
131.186899 3422573
131.19306 3425269
131.193225 3427965
131.193398 3430661
131.194672 3433357
131.19485 3436053
131.195018 3438749
131.206073 3440097
131.206252 3442793
131.206425 3445489
131.20658 3448185
131.206748 3450881
131.207283 3453577
131.207436 3456273
131.207615 3458969
131.207772 3461665
131.218975 3463013
131.219151 3465709
131.219402 3468405
131.219557 3471101
131.219706 3473797
131.219798 3476493
131.219903 3479189
131.219995 3481885
131.220089 3484581
131.220179 3487277
131.220267 3489973
131.220358 3492669
131.220448 3495365
131.22872 3498061
131.228909 3500757
131.230277 3503453
131.241655 3504801
131.241835 3507497
131.242003 3510193
131.24216 3512889
131.242327 3515585
131.242494 3518281
131.242649 3520977
131.242824 3523673
131.243088 3526369
131.243327 3527717
131.243481 3530413
131.243575 3533109
131.243666 3535805
131.243758 3538501
131.244148 3541197
131.244299 3543893
131.244471 3546589
131.24463 3549285
131.244787 3551981
131.246813 3554677
131.24699 3557373
131.247156 3560069
131.24734 3562765
131.247434 3565461
131.247525 3568157
131.274036 3569505
131.274221 3572201
131.274398 3574897
131.274553 3577593
131.274723 3580289
131.27489 3582985
131.275039 3585681
131.275398 3588377
131.275502 3591073
131.275593 3593769
131.275684 3596465
131.275774 3599161
131.27588 3601857
131.275973 3604553
131.276063 3607249
131.276154 3609945
131.276242 3612641
131.276331 3615337
131.276422 3618033
131.278703 3620729
131.278877 3623425
131.279047 3626121
131.279276 3628817
131.279424 3631513
131.299536 3634209
131.29972 3636905
131.299903 3639601
131.300061 3642297
131.300231 3644993
131.300397 3647689
131.300566 3650385
131.300847 3651733
131.300992 3654429
131.301164 3657125
131.30133 3659821
131.3015 3662517
131.301653 3665213
131.301802 3667909
131.301896 3670605
131.301987 3673301
131.302077 3675997
131.302171 3678693
131.302262 3681389
131.302353 3684085
131.305342 3685433
131.305516 3688129
131.305681 3690825
131.307256 3693521
131.307439 3696217
131.317927 3698913
131.3181 3701609
131.318257 3704305
131.319248 3707001
131.319421 3709697
131.330864 3712393
131.331017 3715089
131.33127 3717785
131.33137 3720481
131.331461 3723177
131.331552 3725873
131.331648 3728569
131.331742 3731265
131.337931 3733961
131.338111 3736657
131.33828 3739353
131.338434 3742049
131.338601 3744745
131.338766 3747441
131.338922 3750137
131.339273 3751485
131.339409 3754181
131.339502 3756877
131.339594 3759573
131.339684 3762269
131.357304 3763617
131.357485 3766313
131.357652 3769009
131.357805 3771705
131.357974 3774401
131.358168 3777097
131.358521 3779793
131.358672 3782489
131.358766 3785185
131.358859 3787881
131.358949 3790577
131.35904 3793273
131.359133 3795969
131.35924 3798665
131.359329 3801361
131.35942 3804057
131.35951 3806753
131.359598 3809449
131.359689 3812145
131.362946 3814841
131.36312 3817537
131.363347 3820233
131.363503 3822929
131.363712 3825625
131.382468 3828321
131.382645 3831017
131.382801 3833713
131.382971 3836409
131.383148 3839105
131.383402 3841801
131.383557 3844497
131.383726 3847193
131.384022 3849889
131.384175 3852585
131.39494 3855281
131.395121 3857977
131.39538 3860673
131.395537 3863369
131.395641 3866065
131.395735 3868761
131.395827 3871457
131.395936 3874153
131.396026 3876849
131.396117 3879545
131.396205 3882241
131.396296 3884937
131.396384 3887633
131.397119 3890329
131.415633 3893025
131.415952 3895721
131.416121 3898417
131.416274 3901113
131.41644 3903809
131.416603 3906505
131.41676 3909201
131.41693 3911897
131.417088 3914593
131.417233 3917289
131.417399 3919985
131.41756 3922681
131.417714 3925377
131.417863 3928073
131.417956 3930769
131.418047 3933465
131.418137 3936161
131.418233 3938857
131.419257 3941553
131.427041 3944249
131.427267 3946945
131.427437 3949641
131.427592 3952337
131.427761 3955033
131.466641 3957729
131.466815 3960425
131.466971 3963121
131.467171 3965817
131.467428 3968513
131.467528 3971209
131.467622 3973905
131.467713 3976601
131.467805 3979297
131.467913 3981993
131.468005 3984689
131.468135 3987385
131.468241 3990081
131.468332 3992777
131.468423 3995473
131.468514 3998169
131.468605 4000865
131.468696 4003561
131.468788 4006257
131.497667 4022433
131.497824 4025129
131.498 4027825
131.498165 4030521
131.498428 4033217
131.49868 4034565
131.498843 4037261
131.498993 4039957
131.499172 4042653
131.49939 4045349
131.499541 4048045
131.499708 4050741
131.499879 4053437
131.50003 4056133
131.500197 4058829
131.500354 4061525
131.500498 4064221
131.500673 4066917
131.500842 4069613
131.501004 4072309
131.501154 4075005
131.501315 4077701
131.501477 4080397
131.501773 4083093
131.50192 4085789
131.50397 4088485
131.504127 4091181
131.504299 4093877
131.507355 4096573
131.507496 4099269
131.51619 4101965
131.516367 4104661
131.516532 4107357
131.516665 4110053
131.517684 4111401
131.517811 4114097
131.517908 4116793
131.533157 4118141
131.533341 4120837
131.533513 4123533
131.53368 4126229
131.533832 4128925
131.53398 4131621
131.534073 4134317
131.534164 4137013
131.534258 4139709
131.535282 4142405
131.535457 4145101
131.535611 4147797
131.53578 4150493
131.538291 4151841
131.53847 4154537
131.538633 4157233
131.538787 4159929
131.538936 4162625
131.539328 4165321
131.539486 4168017
131.555687 4169365
131.555889 4172061
131.556244 4174757
131.556418 4177453
131.556526 4178801
131.556629 4181497
131.556723 4184193
131.556816 4186889
131.556904 4189585
131.556995 4192281
131.557083 4194977
131.557174 4197673
131.557263 4200369
131.557355 4203065
131.557444 4205761
131.557532 4208457
131.557625 4211153
131.557714 4213849
131.577078 4216545
131.577227 4219241
131.577393 4221937
131.577552 4224633
131.577694 4227329
131.577857 4230025
131.578411 4231373
131.578563 4234069
131.578734 4236765
131.578897 4239461
131.5937 4242157
131.593855 4244853
131.59403 4247549
131.594199 4250245
131.594351 4252941
131.594597 4255637
131.595 4258333
131.595166 4261029
131.595346 4263725
131.595513 4266421
131.595683 4269117
131.595837 4271813
131.596003 4274509
131.596097 4277205
131.596189 4279901
131.616037 4281249
131.616276 4283945
131.616442 4286641
131.616609 4289337
131.616777 4292033
131.617026 4294729
131.617349 4296077
131.617451 4298773
131.617544 4301469
131.617635 4304165
131.617726 4306861
131.617817 4309557
131.61796 4312253
131.618074 4313601
131.618169 4316297
131.618258 4318993
131.618352 4321689
131.618442 4324385
131.618533 4327081
131.618621 4329777
131.620611 4332473
131.620788 4335169
131.620958 4337865
131.623256 4340561
131.623431 4343257
131.626447 4345953
131.626599 4348649
131.626777 4351345
131.626951 4354041
131.627118 4356737
131.62731 4358085
131.627478 4360781
131.627631 4363477
131.634636 4364825
131.634787 4367521
131.634959 4370217
131.635125 4372913
131.635351 4375609
131.635486 4378305
131.635579 4381001
131.647663 4383697
131.647815 4386393
131.648608 4389089
131.648788 4391785
131.648965 4394481
131.649119 4397177
131.64929 4399873
131.649393 4402569
131.651323 4405265
131.651489 4407961
131.654353 4410657
131.654506 4413353
131.654659 4416049
131.655328 4418745
131.667577 4421441
131.667756 4424137
131.667961 4426833
131.668181 4429529
131.668365 4432225
131.66852 4434921
131.668623 4437617
131.668718 4440313
131.66881 4443009
131.671372 4445705
131.67155 4447053
131.680525 4448401
131.680697 4451097
131.680856 4453793
131.681028 4456489
131.681195 4459185
131.681301 4461881
131.681395 4464577
131.681486 4467273
131.683267 4469969
131.683441 4472665
131.685908 4475361
131.68608 4478057
131.686232 4480753
131.68723 4483449
131.687396 4486145
131.698983 4488841
131.699142 4491537
131.69937 4494233
131.699539 4496929
131.699644 4499625
131.699739 4502321
131.69983 4505017
131.699944 4507713
131.700035 4510409
131.700126 4513105
131.705593 4515801
131.705744 4518497
131.705919 4521193
131.706086 4523889
131.70624 4526585
131.707277 4529281
131.707446 4531977
131.707592 4534673
131.70776 4537369
131.718374 4540065
131.718544 4542761
131.718695 4545457
131.718839 4548153
131.718933 4550849
131.719275 4553545
131.719451 4556241
131.719615 4558937
131.719768 4561633
131.731237 4564329
131.731426 4567025
131.731592 4569721
131.731743 4572417
131.73184 4575113
131.731949 4577809
131.733651 4580505
131.733825 4583201
131.733992 4585897
131.737944 4588593
131.738099 4591289
131.738253 4593985
131.738349 4596681
131.739347 4599377
131.739515 4602073
131.750438 4604769
131.750612 4607465
131.750768 4610161
131.751236 4612857
131.751406 4615553
131.76306 4618249
131.763288 4620945
131.763462 4623641
131.763594 4626337
131.763689 4629033
131.763782 4631729
131.763977 4634425
131.764125 4637121
131.764287 4639817
131.764452 4642513
131.767396 4645209
131.76981 4647905
131.769988 4650601
131.770165 4653297
131.770319 4655993
131.770473 4658689
131.771353 4661385
131.771504 4664081
131.771608 4666777
131.776596 4669473
131.77686 4672169
131.777088 4674865
131.777337 4677561
131.777499 4680257
131.779233 4682953
131.782081 4685649
131.782252 4688345
131.782416 4691041
131.782565 4693737
131.783338 4696433
131.783466 4699129
131.795693 4701825
131.795866 4704521
131.796044 4707217
131.796215 4709913
131.796369 4712609
131.796471 4715305
131.796566 4718001
131.796656 4720697
131.796747 4723393
131.799272 4726089
131.799629 4728785
131.79978 4731481
131.807755 4734177
131.807945 4736873
131.808103 4739569
131.808294 4742265
131.811364 4744961
131.811523 4747657
131.813999 4749005
131.81417 4751701
131.814306 4754397
131.814528 4757093
131.814636 4759789
131.81473 4762485
131.827266 4765181
131.827446 4767877
131.827621 4770573
131.827771 4773269
131.827958 4775965
131.828126 4778661
131.82823 4781357
131.828323 4784053
131.828414 4786749
131.829757 4789445
131.82993 4792141
131.830096 4794837
131.830264 4797533
131.833807 4798881
131.833976 4801577
131.835236 4804273
131.835413 4806969
131.852771 4808317
131.852934 4811013
131.853112 4813709
131.853246 4816405
131.85334 4819101
131.853431 4821797
131.85352 4824493
131.853611 4827189
131.855397 4829885
131.855567 4832581
131.855721 4835277
131.8559 4837973
131.856074 4840669
131.859126 4843365
131.859306 4846061
131.859518 4848757
131.859614 4851453
131.859707 4854149
131.859797 4856845
131.859904 4859541
131.863343 4862237
131.871739 4863585
131.871928 4866281
131.87214 4868977
131.872313 4871673
131.872482 4874369
131.872646 4877065
131.872799 4879761
131.873874 4882457
131.874032 4885153
131.874184 4887849
131.87433 4890545
131.87802 4891893
131.878198 4894589
131.878369 4897285
131.878541 4899981
131.879259 4902677
131.879438 4905373
131.879569 4908069
131.884411 4910765
131.884591 4913461
131.884759 4916157
131.884894 4918853
131.887351 4921549
131.88753 4924245
131.887633 4926941
131.890746 4928289
131.890919 4930985
131.891072 4933681
131.891268 4936377
131.891362 4939073
131.910747 4940421
131.910927 4943117
131.911095 4945813
131.911365 4948509
131.911537 4951205
131.911642 4953901
131.911736 4956597
131.911828 4959293
131.911938 4961989
131.912057 4964685
131.912175 4967381
131.912266 4970077
131.912358 4972773
131.912447 4975469
131.912538 4978165
131.91263 4980861
131.912718 4983557
131.91281 4986253
131.912899 4988949
131.912993 4991645
131.922525 4992993
131.922693 4995689
131.922839 4998385
131.923004 5001081
131.923337 5003777
131.923483 5006473
131.936648 5007821
131.936824 5010517
131.936982 5013213
131.937152 5015909
131.937319 5018605
131.937472 5021301
131.93764 5023997
131.939357 5026693
131.939527 5029389
131.939681 5032085
131.939863 5034781
131.942038 5037477
131.942188 5040173
131.942357 5042869
131.942523 5045565
131.943245 5048261
131.943427 5050957
131.943598 5053653
131.943766 5056349
131.954748 5057697
131.954919 5060393
131.955069 5063089
131.955285 5065785
131.968102 5067133
131.968257 5069829
131.968431 5072525
131.968646 5075221
131.968757 5077917
131.971362 5080613
131.971524 5083309
131.971674 5086005
131.975424 5088701
131.9756 5091397
131.975756 5094093
131.975909 5096789
131.976008 5099485
131.976101 5102181
131.976189 5104877
131.976277 5107573
131.978905 5108921
131.979056 5111617
131.97924 5114313
131.979398 5117009
131.979542 5119705
131.982137 5122401
131.982311 5125097
131.982471 5127793
131.98324 5130489
132.000126 5133185
132.00036 5135881
132.000512 5138577
132.000681 5141273
132.000784 5143969
132.000881 5146665
132.000974 5149361
132.001066 5152057
132.001157 5154753
132.001249 5157449
132.001337 5160145
132.00143 5162841
132.001518 5165537
132.003432 5168233
132.003593 5170929
132.003743 5173625
132.003935 5176321
132.004102 5179017
132.004257 5181713
132.004528 5184409
132.004748 5185757
132.012522 5187105
132.012701 5189801
132.019228 5191149
132.019411 5193845
132.019579 5196541
132.019734 5199237
132.019918 5201933
132.020087 5204629
132.032018 5207325
132.032169 5210021
132.033053 5212717
132.033226 5215413
132.03338 5218109
132.033484 5220805
132.033578 5223501
132.033669 5226197
132.033759 5228893
132.03385 5231589
132.033941 5234285
132.035325 5236981
132.035506 5239677
132.035686 5242373
132.035842 5245069
132.036034 5247765
132.036316 5250461
132.051282 5251809
132.051463 5254505
132.051629 5257201
132.051781 5259897
132.052458 5262593
132.052553 5265289
132.055453 5267985
132.055747 5270681
132.055856 5273377
132.055953 5276073
132.064114 5277421
132.064294 5280117
132.06445 5282813
132.064619 5285509
132.064783 5288205
132.064936 5290901
132.065119 5293597
132.065288 5296293
132.067337 5298989
132.067494 5301685
132.067645 5304381
132.067738 5307077
132.067829 5309773
132.067942 5312469
132.068033 5315165
132.070325 5316513
132.071235 5319209
132.082599 5321905
132.083289 5324601
132.083469 5327297
132.083628 5329993
132.083775 5332689
132.083959 5335385
132.084125 5338081
132.084285 5340777
132.08444 5343473
132.087564 5346169
132.087667 5348865
132.087761 5351561
132.087865 5354257
132.087962 5356953
132.090278 5359649
132.090507 5362345
132.090789 5365041
132.091346 5367737
132.091502 5370433
132.095362 5371781
132.095517 5374477
132.095672 5377173
132.099312 5379869
132.103102 5381217
132.103332 5383913
132.103439 5386609
132.103533 5389305
132.103624 5392001
132.103716 5394697
132.106957 5397393
132.115103 5400089
132.115349 5402785
132.115518 5405481
132.115675 5408177
132.115857 5410873
132.116029 5413569
132.116184 5416265
132.116288 5418961
132.116381 5421657
132.119335 5424353
132.119512 5427049
132.121352 5429745
132.121524 5432441
132.12168 5435137
132.121783 5437833
132.121877 5440529
132.123227 5443225
132.127455 5445921
132.127629 5448617
132.131231 5451313
132.135107 5454009
132.135332 5456705
132.135466 5459401
132.13556 5462097
132.135652 5464793
132.135743 5467489
132.146936 5468837
132.147108 5471533
132.147338 5474229
132.147484 5476925
132.147651 5479621
132.147803 5482317
132.147939 5485013
132.148035 5487709
132.148125 5490405
132.148214 5493101
132.148303 5495797
132.154449 5498493
132.154634 5501189
132.154787 5503885
132.154955 5506581
132.155123 5509277
132.15535 5511973
132.15552 5514669
132.155682 5517365
132.15931 5520061
132.15949 5522757
132.160452 5525453
132.160558 5528149
132.160652 5530845
132.163373 5533541
132.163542 5536237
132.166231 5538933
132.16641 5541629
132.166585 5544325
132.167252 5547021
132.167384 5549717
132.172495 5552413
132.17267 5555109
132.175302 5556901
