0.000000 0
179.756938 2697
179.826999 5393
179.827512 8089
179.837247 10785
179.888465 12133
179.888777 14829
179.888932 17525
179.891297 20221
179.891429 22917
179.907255 25613
179.948984 26961
179.949166 29657
179.949678 32353
179.949856 35049
179.950021 37745
179.950122 40441
179.950216 43137
179.950306 45833
179.950397 48529
179.971293 51225
179.977283 53921
180.010134 56617
180.010415 59313
180.010585 62009
180.010761 64705
180.011152 66053
180.01133 68749
180.012434 71445
180.01264 74141
180.012741 76837
180.012836 79533
180.014203 82229
180.014378 84925
180.014547 87621
180.017403 90317
180.017556 93013
180.031915 95709
180.032096 98405
180.035817 101101
180.070804 103797
180.071012 106493
180.071198 109189
180.079761 111885
180.079953 114581
180.080087 117277
180.080181 119973
180.084099 122669
180.08428 125365
180.084455 128061
180.08461 130757
180.084762 133453
180.084856 136149
180.087307 138845
180.087489 141541
180.093291 144237
180.093447 146933
180.093594 149629
180.093691 152325
180.096793 155021
180.096969 157717
180.097138 160413
180.097312 163109
180.097448 165805
180.097542 168501
180.100684 169849
180.100867 172545
180.121977 173893
180.122191 176589
180.122344 179285
180.134741 180633
180.135179 183329
180.135346 186025
180.13588 187373
180.136012 190069
180.1439 191417
180.14408 194113
180.144248 196809
180.145849 199505
180.145953 202201
180.150416 204897
180.150606 207593
180.150779 210289
180.150951 212985
180.163418 214333
180.1636 217029
180.163725 219725
180.163822 222421
180.163935 225117
180.164028 227813
180.167373 230509
180.167548 233205
180.16771 235901
180.167817 237249
180.168006 239945
180.176802 242641
180.176963 245337
180.177138 248033
180.177244 250729
180.177337 253425
180.177429 256121
180.177523 258817
180.177789 261513
180.177962 264209
180.17813 266905
180.178303 269601
180.178458 272297
180.191536 274993
180.192001 277689
180.19907 280385
180.199254 283081
180.200337 284429
180.200439 287125
180.211743 288473
180.211908 291169
180.212085 293865
180.213368 296561
180.213501 299257
180.223544 301953
180.223999 304649
180.224172 307345
180.226062 310041
180.228658 312737
180.228833 315433
180.228938 318129
180.229332 320825
180.229508 323521
180.229676 326217
180.234961 327565
180.235136 330261
180.235291 332957
180.235577 335653
180.235664 337001
180.235765 339697
180.235872 342393
180.235966 345089
180.236057 347785
180.236146 350481
180.236236 353177
180.236327 355873
180.236417 358569
180.236507 361265
180.236594 363961
180.236685 366657
180.236776 369353
180.258295 374745
180.258452 377441
180.258631 380137
180.258799 382833
180.258955 385529
180.259124 388225
180.259287 390921
180.259441 393617
180.259611 396313
180.259778 399009
180.259967 401705
180.260905 403053
180.261075 405749
180.261231 408445
180.261409 411141
180.261576 413837
180.261733 416533
180.261904 419229
180.26207 421925
180.268864 423273
180.269267 425969
180.269437 428665
180.282988 431361
180.283188 434057
180.283375 436753
180.283545 439449
180.287361 440797
180.287464 443493
180.287558 446189
180.288844 448885
180.289004 451581
180.289158 454277
180.289328 456973
180.289493 459669
180.290304 461017
180.290435 463713
180.290528 466409
180.290621 469105
180.301936 471801
180.302111 474497
180.302265 477193
180.302436 479889
180.303398 481237
180.30357 483933
180.303726 486629
180.308899 487977
180.309084 490673
180.309255 493369
180.309392 496065
180.309559 497413
180.309656 500109
180.309753 502805
180.309844 505501
180.309935 508197
180.310026 510893
180.310116 513589
180.310207 516285
180.310295 518981
180.340849 520329
180.341218 523025
180.341372 525721
180.341552 528417
180.341721 531113
180.34188 533809
180.342051 536505
180.342225 539201
180.342381 541897
180.342552 544593
180.34272 547289
180.342894 549985
180.343051 552681
180.343254 555377
180.343424 558073
180.343532 560769
180.343626 563465
180.343717 566161
180.343809 568857
180.343921 571553
180.345579 574249
180.345754 576945
180.34591 579641
180.34608 582337
180.359487 585033
180.359687 587729
180.359888 590425
180.360042 593121
180.360216 595817
180.36039 598513
180.360544 601209
180.367691 603905
180.367884 606601
180.368054 609297
180.368209 611993
180.36838 614689
180.368485 617385
180.368579 620081
180.368671 622777
180.368763 625473
180.368855 628169
180.368946 630865
180.369037 633561
180.369128 636257
180.373477 638953
180.373648 641649
180.373836 644345
180.373992 647041
180.374162 649737
180.374329 652433
180.374483 655129
180.374654 657825
180.37482 660521
180.374972 663217
180.375138 665913
180.375294 668609
180.375389 671305
180.375482 674001
180.375574 676697
180.375665 679393
180.375756 682089
180.375859 684785
180.377605 687481
180.377765 690177
180.377938 692873
180.378105 695569
180.378258 698265
180.378431 700961
180.378598 703657
180.378752 706353
180.378923 709049
180.379027 711745
180.380318 714441
180.380516 715789
180.380619 718485
180.380712 721181
180.380803 723877
180.380893 726573
180.380983 729269
180.381073 731965
180.381163 734661
180.381253 737357
180.381343 740053
180.381433 742749
180.381544 745445
180.381635 748141
180.381725 750837
180.381817 753533
180.381908 756229
180.386744 760273
180.3869 762969
180.387079 765665
180.387267 768361
180.387417 771057
180.387589 773753
180.387756 776449
180.402074 779145
180.402434 781841
180.402975 784537
180.403146 787233
180.403313 789929
180.403468 792625
180.403634 795321
180.405533 796669
180.405707 799365
180.405878 802061
180.413792 803409
180.413968 806105
180.414123 808801
180.414297 811497
180.414463 814193
180.414704 815541
180.414856 818237
180.414953 820933
180.415046 823629
180.415141 826325
180.415261 829021
180.415352 831717
180.415442 834413
180.415533 837109
180.415623 839805
180.415708 841153
180.419452 843849
180.419726 846545
180.419912 849241
180.420848 850589
180.436769 851937
180.436944 854633
180.437099 857329
180.437271 860025
180.43744 862721
180.440446 865417
180.440599 868113
180.44077 870809
180.440937 873505
180.442327 876201
180.442501 878897
180.442669 881593
180.442823 884289
180.443002 886985
180.443194 889681
180.443477 892377
180.443647 895073
180.443752 897769
180.443857 900465
180.443954 903161
180.444043 905857
180.455898 908553
180.456059 911249
180.456234 913945
180.456408 916641
180.456574 919337
180.45689 922033
180.457063 924729
180.45723 927425
180.457336 930121
180.457429 932817
180.457519 935513
180.45761 938209
180.4577 940905
180.457794 943601
180.457892 946297
180.457983 948993
180.458073 951689
180.458163 954385
180.458251 957081
180.458342 959777
180.45843 962473
180.458522 965169
180.458615 967865
180.461592 974605
180.461812 977301
180.490933 979997
180.491132 982693
180.491315 985389
180.49147 988085
180.491642 990781
180.491813 993477
180.491982 996173
180.492156 998869
180.492484 1001565
180.492644 1002913
180.492815 1005609
180.49299 1008305
180.493145 1011001
180.493316 1013697
180.493482 1016393
180.493632 1019089
180.493801 1021785
180.493958 1024481
180.494128 1027177
180.494274 1029873
180.494439 1032569
180.494543 1035265
180.515522 1037961
180.515708 1040657
180.515895 1043353
180.516048 1046049
180.520276 1047397
180.520448 1050093
180.520556 1052789
180.52897 1055485
180.529181 1058181
180.529336 1060877
180.529506 1063573
180.529674 1066269
180.529781 1068965
180.529878 1071661
180.529969 1074357
180.537407 1075705
180.537587 1078401
180.537759 1081097
180.541523 1083793
180.541699 1086489
180.541803 1089185
180.5419 1091881
180.547492 1094577
180.547666 1097273
180.547821 1099969
180.558753 1102665
180.558926 1105361
180.559035 1108057
180.567392 1110753
180.56757 1113449
180.567734 1116145
180.758806 1117493
180.759002 1120189
180.759172 1122885
180.759325 1125581
180.759503 1128277
180.759671 1130973
180.759826 1133669
180.760014 1136365
180.760186 1139061
180.760353 1141757
180.760508 1144453
180.763268 1147149
180.76344 1149845
180.763595 1152541
180.763766 1155237
180.763947 1157933
180.764102 1160629
180.764272 1163325
180.764438 1166021
180.764821 1168717
180.764996 1171413
180.765164 1174109
180.7653 1176805
180.765394 1179501
180.765488 1182197
180.765579 1184893
180.765671 1187589
180.765763 1190285
180.765854 1192981
180.765948 1195677
180.766039 1198373
180.766128 1201069
180.76622 1203765
180.766311 1206461
180.7664 1209157
180.767602 1211853
180.767757 1214549
180.767962 1217245
180.768132 1219941
180.768288 1222637
180.768454 1225333
180.768618 1228029
180.768774 1230725
180.768944 1233421
180.769114 1236117
180.769268 1238813
180.769444 1241509
180.769611 1244205
180.769782 1246901
180.76994 1249597
180.770112 1252293
180.770216 1254989
180.77031 1257685
180.770402 1260381
180.770492 1263077
180.770584 1265773
180.770675 1268469
180.770767 1271165
180.770858 1273861
180.770949 1276557
180.771043 1279253
180.771138 1281949
180.773257 1284645
180.773644 1287341
180.773819 1290037
180.77398 1292733
180.774152 1295429
180.774319 1298125
180.774473 1300821
180.774642 1303517
180.774809 1306213
180.774963 1308909
180.775141 1311605
180.775328 1314301
180.775484 1316997
180.775634 1319693
180.775728 1322389
180.775822 1325085
180.775927 1327781
180.776023 1330477
180.776373 1333173
180.776609 1335869
180.776707 1338565
180.776801 1341261
180.776892 1343957
180.776983 1346653
180.777072 1349349
180.777162 1352045
180.777252 1354741
180.77734 1357437
180.780054 1434273
180.780208 1436969
180.780382 1439665
180.780552 1442361
180.780707 1445057
180.780877 1447753
180.781044 1450449
180.781201 1453145
180.781372 1455841
180.781539 1458537
180.781693 1461233
180.781863 1463929
180.782041 1466625
180.782208 1469321
180.782363 1472017
180.782535 1474713
180.782704 1477409
180.782859 1480105
180.78303 1482801
180.783215 1485497
180.783375 1488193
180.783547 1490889
180.783714 1493585
180.783882 1496281
180.784066 1498977
180.784239 1501673
180.784346 1504369
180.784439 1507065
180.784531 1509761
180.784622 1512457
180.784714 1515153
180.784805 1517849
180.784898 1520545
180.784989 1523241
180.78508 1525937
180.785173 1528633
180.785263 1531329
180.785353 1534025
180.785442 1536721
180.787539 1539417
180.787695 1542113
180.787873 1544809
180.788046 1547505
180.7882 1550201
180.788372 1552897
180.81247 1555593
180.813258 1558289
180.813483 1560985
180.813654 1563681
180.81382 1566377
180.813977 1569073
180.814148 1571769
180.814315 1574465
180.828889 1577161
180.829952 1579857
180.830135 1582553
180.830304 1585249
180.830459 1587945
180.83061 1590641
180.830704 1593337
180.830798 1596033
180.830889 1598729
180.830979 1601425
180.834561 1602773
180.834736 1605469
180.834904 1608165
180.835059 1610861
180.835231 1613557
180.835399 1616253
180.835507 1618949
180.845572 1620297
180.845836 1622993
180.845999 1625689
180.84617 1628385
180.846337 1631081
180.846549 1632429
180.846647 1635125
180.846741 1637821
180.846833 1640517
180.846923 1643213
180.847015 1645909
180.847105 1648605
180.847209 1651301
180.847306 1653997
180.847397 1656693
180.847487 1659389
180.847578 1662085
180.847668 1664781
180.847757 1667477
180.855961 1685001
180.856383 1686349
180.856557 1689045
180.859185 1690393
180.874726 1691741
180.874883 1694437
180.875058 1697133
180.875242 1699829
180.87551 1702525
180.875687 1705221
180.87587 1707917
180.876045 1710613
180.876201 1713309
180.876373 1716005
180.87654 1718701
180.876694 1721397
180.876865 1724093
180.877033 1726789
180.877188 1729485
180.877359 1732181
180.877526 1734877
180.877681 1737573
180.877852 1740269
180.878025 1742965
180.878195 1745661
180.878673 1748357
180.894238 1749705
180.894497 1752401
180.894649 1755097
180.894823 1757793
180.894989 1760489
180.895144 1763185
180.895298 1765881
180.895391 1768577
180.895483 1771273
180.895574 1773969
180.895665 1776665
180.895755 1779361
180.895858 1782057
180.895952 1784753
180.896043 1787449
180.896134 1790145
180.896224 1792841
180.896312 1795537
180.897536 1798233
180.897708 1800929
180.897876 1803625
180.898091 1806321
180.89827 1809017
180.898444 1811713
180.899196 1814409
180.901584 1817105
180.919892 1818453
180.92014 1821149
180.920293 1823845
180.920465 1826541
180.920632 1829237
180.920788 1831933
180.921002 1833281
180.921156 1835977
180.921307 1838673
180.921402 1841369
180.921496 1844065
180.921587 1846761
180.921679 1849457
180.921769 1852153
180.92186 1854849
180.921949 1857545
180.922042 1860241
180.922137 1862937
180.922227 1865633
180.922416 1868329
180.922508 1871025
180.922596 1873721
180.923976 1875069
180.924132 1877765
180.948372 1879113
180.948654 1881809
180.948823 1884505
180.948978 1887201
180.949149 1889897
180.949315 1892593
180.949469 1895289
180.949674 1897985
180.949837 1900681
180.949996 1903377
180.950167 1906073
180.950334 1908769
180.950504 1911465
180.950745 1912813
180.950918 1915509
180.951074 1918205
180.951249 1920901
180.951382 1923597
180.951475 1926293
180.951567 1928989
180.951657 1931685
180.951748 1934381
180.95184 1937077
180.951947 1939773
180.952039 1942469
180.957727 1418097
180.958214 1420793
180.960256 1423489
181.248677 1945165
181.302782 1947861
181.306876 1950557
181.356758 1951905
181.359212 1954601
181.399478 1955949
181.410998 1958645
181.411192 1961341
181.449406 1962689
181.451189 1965385
181.466458 1968081
181.466644 1970777
181.466817 1973473
181.519923 1974821
181.520107 1977517
181.523402 1980213
181.523562 1982909
181.523734 1985605
181.527207 1988301
181.574427 1990997
181.574584 1993693
181.575297 1996389
181.580925 1999085
181.581286 2001781
181.581461 2004477
181.58164 2007173
181.581812 2009869
181.581968 2012565
181.583305 2015261
181.635264 2017957
181.635424 2020653
181.635625 2023349
181.639337 2026045
181.639477 2028741
181.641596 2031437
181.641769 2034133
181.643246 2036829
181.643404 2039525
181.645798 2042221
181.64597 2044917
181.646077 2047613
181.646172 2050309
181.647342 2053005
181.6475 2055701
181.696709 2058397
181.696888 2061093
181.697059 2063789
181.699225 2066485
181.699397 2069181
181.699503 2071877
181.700005 2074573
181.70016 2077269
181.700332 2079965
181.700436 2082661
181.70332 2085357
181.703496 2088053
181.706291 2090749
181.706446 2093445
181.70655 2096141
181.70665 2098837
181.707264 2101533
181.707447 2104229
181.707617 2106925
181.707786 2109621
181.716418 2112317
181.716556 2115013
181.71665 2117709
181.757542 2119057
181.757722 2121753
181.757898 2124449
181.758053 2127145
181.759249 2129841
181.759419 2132537
181.759578 2135233
181.763285 2137929
181.763422 2140625
181.763517 2143321
181.763611 2146017
181.763702 2148713
181.763793 2151409
181.767362 2154105
181.767538 2156801
181.767701 2159497
181.767878 2162193
181.773648 2164889
181.773821 2167585
181.773976 2170281
181.774079 2172977
181.774173 2175673
181.774265 2178369
181.775366 2181065
181.775544 2183761
181.775713 2186457
181.775881 2189153
181.776341 2191849
181.77651 2194545
181.776617 2197241
181.779297 2199937
181.811139 2202633
181.811333 2205329
181.811488 2208025
181.8152 2210721
181.82497 2212069
181.825127 2214765
181.825302 2217461
181.825434 2220157
181.825528 2222853
181.825618 2225549
181.825709 2228245
181.825799 2230941
181.826478 2232289
181.82665 2234985
181.826806 2237681
181.826977 2240377
181.827149 2243073
181.827285 2245769
181.830781 2248465
181.830955 2251161
181.83111 2253857
181.831317 2256553
181.831411 2259249
181.831504 2261945
181.831597 2264641
181.844277 2267337
181.844458 2270033
181.844618 2272729
181.844791 2275425
181.844963 2278121
181.845117 2280817
181.84728 2283513
181.847456 2286209
181.847563 2288905
181.847657 2291601
181.847748 2294297
181.863261 2296993
181.863419 2299689
181.863599 2302385
181.863767 2305081
181.863937 2307777
181.864112 2310473
181.864279 2313169
181.864415 2315865
181.864509 2318561
181.867242 2321257
181.867409 2322605
181.867582 2325301
181.867756 2327997
181.867875 2330693
181.86797 2333389
181.868063 2336085
181.868825 2337433
181.868994 2340129
181.869149 2342825
181.871315 2345521
181.871483 2348217
181.881602 2349565
181.881782 2352261
181.881959 2354957
181.882319 2357653
181.882493 2360349
181.882586 2363045
181.883204 2364393
181.888633 2365741
181.888965 2368437
181.889134 2371133
181.889271 2373829
181.890218 2375806
