0.000000 0
99.022575 2697
99.022703 5393
99.022799 8089
99.023253 10785
99.02336 13481
99.058819 14829
99.05924 17525
99.064639 20221
99.072544 21569
99.072729 24265
99.0729 26961
99.075264 29657
99.075438 32353
99.094029 35049
99.094184 37745
99.095105 39093
99.097323 41789
99.097481 44485
99.099313 47181
99.112498 48529
99.112653 51225
99.113826 52573
99.194893 55001
99.195051 57697
99.195253 60393
99.195355 63089
99.195449 65785
99.195542 68481
99.195631 69870
99.195707 72566
99.195796 75262
99.195907 77958
99.19601 80654
99.196101 82860
