0.000000 0
19.50964 2697
19.509819 5393
19.509994 8089
19.511347 10785
19.511554 13481
19.62421 14829
19.624534 17525
19.624844 18873
19.627061 21569
19.627325 24265
19.62748 26961
19.627654 29657
19.627827 32353
19.658095 35049
19.658311 37745
19.6593 40441
19.66202 41789
19.662174 44485
19.663386 45833
19.665795 48529
19.665948 51225
19.667316 53653
19.747905 55001
19.748647 57697
19.74884 60393
19.749009 63089
19.749185 65785
19.749353 68481
19.749512 71177
19.749684 73873
19.751363 76569
19.75152 79265
19.751691 81961
