0.0841809999984
0.0841989999972
0.0895879999953
0.148725999999
0.411827999997
0.412041999996
0.412132999998
0.412234999996
0.471473999998
0.807056999998
0.845009999997
0.894517000001
0.911892999997
0.971743999995
0.971764999995
0.979432
0.999991999997
1.128536
1.402262
1.402372
1.402541
1.411877
1.450223
1.524393
1.524611
1.55188
1.552349
1.604675
1.60505
1.62605899999
1.626312
1.762076
1.786977
1.812045
1.896102
1.896298
1.91202
1.912172
1.97526699999
1.976633
1.97677299999
1.992222
2.026135
2.02639
2.029045
2.029189
2.287547
2.287755
2.316092
2.316318
2.411942
2.43782599999
2.438668
2.44611
2.65233
2.73119999999
2.731384
2.879566
3.000193
3.02493
3.060278
3.062923
3.07132
3.091358
3.107787
3.265145
3.308977
3.421657
3.42183599999
3.460218
3.460409
3.46136099999
3.461505
3.462058
3.462217
3.46269299999
3.462828
3.463321
3.463449
3.463728
3.46385
3.464423
3.464561
3.46520999999
3.465351
3.475536
3.47571899999
3.475936
3.476012
3.476146
3.476487
3.476673
3.52283099999
3.553364
3.55358
3.553725
3.55386399999
3.55403
3.554158
3.554309
3.554443
3.554654
3.55478
3.55492
3.55504699999
3.55519799999
3.555384
3.555547
3.555674
3.55596999999
3.556097
3.55685299999
3.557018
3.561311
3.561526
3.594278
3.604508
3.604752
3.605752
3.721833
3.755925
3.760614
3.779775
3.812405
3.813584
3.8137
3.818731
3.90864199999
3.909064
3.909227
3.912105
3.91224
3.941059
3.941204
3.95263499999
3.956855
3.957658
3.988554
4.126288
4.126305
4.129142
4.143343
4.148008
4.168896
4.183021
4.190552
4.190672
4.197729
4.197883
4.208433
4.222567
4.236904
4.23702299999
4.24486999999
4.245156
4.311777
4.381605
4.412061
4.412249
4.418563
4.420603
4.427412
4.495498
4.496828
4.497077
4.524578
4.52639799999
4.541083
4.545833
4.562586
4.562885
4.579149
4.593467
4.59357
4.60082
4.600952
4.610381
4.614414
4.632361
4.66406
4.66498199999
4.665072
4.67338499999
4.74037
4.740562
4.740761
4.747397
4.747407
4.772877
4.77301
4.785764
4.807803
4.812217
4.83713399999
4.86215299999
4.868225
4.868518
4.879899
4.884607
4.884861
4.916216
4.916362
5.068538
5.090494
5.09061699999
5.090806
5.090886
5.090953
5.091128
5.091243
5.091353
5.091762
5.095321
5.096147
5.096375
5.096589
5.098502
5.099239
5.099399
5.101145
5.103989
5.125128
5.125251
5.125661
5.126474
5.126586
5.126803
5.126894
5.127002
5.127376
5.128804
5.12919
5.12930499999
5.12958199999
5.12968999999
5.137266
5.137396
5.137657
5.137847
5.138109
5.13822399999
5.139562
5.141896
5.401714
5.412114
5.435123
5.437328
5.445102
5.469029
5.478989
5.479489
5.486223
5.491677
5.492303
5.493893
5.49482399999
5.528034
5.53042
5.54434499999
5.548415
5.568985
5.573734
5.591836
5.593558
5.600775
5.603425
5.605628
5.607429
5.624808
5.626778
5.631857
5.694217
5.719215
5.725941
5.726069
5.733208
5.735419
5.735964
5.73790399999
5.740363
5.768068
5.77297899999
5.81830799999
5.912259
5.95912
5.959264
5.965241
5.968363
5.983272
6.09345
6.1001
6.124616
6.151179
6.154617
6.168729
6.17123599999
6.18498899999
6.20297
6.208366
6.210977
6.215189
6.231906
6.235252
6.260779
6.260899
6.265279
6.275578
6.276937
6.277356
6.284338
6.28563
6.308393
6.316573
6.46142699999
6.461697
6.46230799999
6.46247999999
6.463312
6.463449
6.46361799999
6.46375
6.463902
6.464033
6.464295
6.464438
6.46630499999
6.466481
6.475317
6.475471
6.476269
6.47634199999
6.47649199999
6.476641
6.476766
6.488302
6.494555
6.494709
6.553438
6.55362999999
6.55379
6.553918
6.554285
6.554422
6.55457299999
6.554696
6.554846
6.55497
6.55526199999
6.555425
6.555599
6.555747
6.555898
6.556012
6.55628
6.556435
6.55732699999
6.5575
6.568255
6.592289
6.596051
6.605248
6.63931
6.639523
6.670587
6.68339899999
6.716488
6.72709499999
6.727189
6.732673
6.73498299999
6.735029
6.738169
6.74435
6.744658
6.74553499999
6.747311
6.750673
6.753118
6.754623
6.767827
6.774147
6.780133
6.783041
6.788858
6.796348
6.799885
6.815229
6.844018
6.844139
6.851253
6.85419899999
6.85472
6.856838
6.85887
6.884227
6.887984
6.948237
6.951964
6.95308
6.956041
6.961754
7.000405
7.15826
7.163291
7.163915
7.167435
7.169355
7.369261
7.371822
7.389185
7.394568
7.421413
7.421586
7.43428199999
7.454192
7.45432
7.462269
7.462991
7.621689
7.629247
7.632508
7.632967
7.63792
7.649193
7.761365
7.852297
7.857383
7.857837
7.862202
7.862274
7.863294
7.86867
7.868853
7.871496
8.062308
8.06729699999
8.072192
8.088931
8.096389
8.126367
8.329324
8.333721
8.334545
8.339214
8.342548
8.371441
8.411317
8.529358
8.54331299999
8.545315
8.545922
8.547651
8.547755
8.55167
8.551713
8.55571
8.556135
8.55724099999
8.557274
8.55738
8.560498
8.563179
8.756339
8.765339
8.766152
8.768512
8.771018
8.922943
8.96636899999
8.96948699999
8.970428
8.97249499999
8.974154
9.12141
9.16635699999
9.176123
9.176777
9.181276
9.183673
9.265499
9.375366
9.380467
9.397504
9.401235
9.440115
9.461573
9.461767
9.462489
9.462677
9.463472
9.463621
9.463772
9.463893
9.464044
9.464171
9.464426
9.46458
9.466471
9.466684
9.475488
9.475658
9.47642699999
9.476501
9.476684
9.476851
9.476973
9.553562
9.553723
9.553896
9.554026
9.55450899999
9.554701
9.55485399999
9.555006
9.55515599999
9.55528299999
9.555467
9.555608
9.55580099999
9.555931
9.556081
9.556227
9.556473
9.55659599999
9.55749799999
9.557674
9.611652
9.635392
9.699083
9.699538
9.70242099999
9.702454
9.707396
9.707716
9.774511
9.873119
9.908393
9.91306899999
9.913537
9.917052
9.91708599999
9.92098
9.923177
10.118406
10.123419
10.12382
10.128466
10.131165
10.280938
10.328417
10.333223
10.333685
10.338383
10.341117
10.538444
10.54329
10.543811
10.548799
10.5685
10.622567
10.772455
10.77754
10.778715
10.788123
10.788166
10.788424
10.789526
10.790881
10.793749
10.797928
10.977471
10.99745
11.000991
11.018427
11.020703
11.04701
11.059256
11.059512
11.061488
11.250476
11.254552
11.255132
11.259768
11.277221
11.372624
11.450488
11.480488
11.485431
11.486607
11.494557
11.4946
11.494841
11.495917
11.498655
11.504497
11.506509
11.629966
11.685522
11.70549
11.711776
11.728908
11.73397
11.769768
11.96553
11.968554
11.970668
11.972926
11.97457
12.165531
12.165667
12.170935
12.171421
12.173524
12.175005
12.365528
12.369504
12.569623
12.870856
12.876169
12.878511
13.080578
13.08283
13.083171
13.087385
13.088413
13.08895
13.093087
13.093671
13.093704
13.280727
13.784753
15.000912
16.280886
16.961068
18.635008
21.694575
21.694851
21.701162
21.797183
26.250345
26.287947
26.970429
26.983369
31.001803
31.722865
31.723112
31.732358
32.975755
33.882488
33.890289
33.891084
33.891561
33.89201
33.89212
33.893095
33.896117
33.896322
33.896573
33.919513
33.919555
33.923421
33.923456
37.797184
41.954679
622.081656
622.411447
622.411632
622.411726
622.41183
622.911555
622.915183
622.915199
622.919104
622.927041
622.939079
623.08167
623.393925
623.411501
623.433674
623.434604
623.456372
623.457007
623.509707
623.509961
623.552626
623.552807
623.668664
623.693607
623.715298
623.718656
623.802726
623.802943
623.911659
623.91184
623.932747
623.932926
623.935767
623.935894
624.03731
624.194927
624.195135
624.361531
624.404722
624.404921
624.411571
624.575388
624.575416
624.58137
624.585792
624.606086
624.637802
624.638021
625.081826
625.317797
625.416741
625.416915
625.434557
625.434713
625.481299
625.482204
625.482384
625.482601
625.482754
625.483071
625.483205
625.483418
625.483564
625.487498
625.487865
625.488203
625.488337
625.488798
625.488931
625.490409
625.490583
625.491442
625.491576
625.49179
625.49204
625.534773
625.535
625.555411
625.555656
625.555814
625.555947
625.556104
625.556237
625.556381
625.556524
625.556781
625.556912
625.557283
625.557418
625.557594
625.557747
625.557908
625.558039
625.558223
625.55836
625.558516
625.55864
625.563314
625.59035
625.604883
625.677811
625.726416
625.726435
625.733035
625.747988
625.762074
625.762654
625.762743
625.771124
625.77348
625.789018
625.803166
625.911761
625.911937
626.411741
626.701076
626.714256
626.714842
626.714964
626.718981
626.743833
626.768744
626.911768
626.956874
626.957055
627.157147
627.411764
627.467602
627.537868
627.666113
627.777859
627.790863
627.795848
627.80338
627.803396
627.806097
627.806144
627.806411
627.806707
627.809044
627.811813
627.814496
627.901312
627.906826
627.911847
627.974951
628.012783
628.019797
628.02078
628.027837
628.030299
628.052409
628.229925
628.232802
628.244546
628.245197
628.253336
628.254265
628.317931
628.380218
628.38024
628.411818
628.45282
628.456717
628.473662
628.476359
628.480918
628.481996
628.482143
628.482941
628.483128
628.483289
628.483415
628.483959
628.484144
628.487933
628.488114
628.488271
628.488417
628.488925
628.489107
628.489872
628.490939
628.491085
628.491943
628.492115
628.492261
628.492385
628.514775
628.555975
628.556158
628.556291
628.55641
628.556558
628.5567
628.556863
628.556992
628.557375
628.557537
628.557709
628.557831
628.558055
628.558189
628.558335
628.55846
628.55861
628.55888
628.559177
628.559328
628.603913
628.656953
628.712811
628.719513
628.719992
628.726606
628.742859
628.754931
628.942872
628.950242
628.950715
628.95681
628.956848
628.957842
628.959507
628.963017
628.966432
629.082041
629.149867
629.169856
629.178122
629.194801
629.202687
629.231817
629.408783
629.42787
629.434819
629.436408
629.444065
629.447387
629.634899
629.654879
629.656823
629.657443
629.659235
629.659344
629.66443
629.664458
629.66467
629.664702
629.669118
629.674144
629.674479
629.683474
629.684843
629.772573
629.826082
629.878929
629.881111
629.881934
629.884112
629.888372
630.089915
630.097537
630.09851
630.106295
630.108696
630.157983
630.30693
630.314372
630.314985
630.322456
630.328081
630.41195
630.526945
630.537112
630.553974
630.561802
630.594327
630.789963
630.799672
630.800158
630.809603
630.811228
630.908
631.009962
631.017441
631.017871
631.028332
631.028477
631.229987
631.23816
631.238559
631.247456
631.248493
631.318086
631.44999
631.458532
631.459513
631.468282
631.469834
631.481169
631.482068
631.482224
631.48309
631.483236
631.483388
631.483514
631.484232
631.484369
631.488141
631.488304
631.488503
631.488631
631.489114
631.489296
631.491064
631.491197
631.492068
631.492202
631.492335
631.492455
631.556231
631.556423
631.55662
631.556771
631.557056
631.557197
631.557354
631.557474
631.557626
631.557754
631.558056
631.558219
631.558382
631.558507
631.558658
631.558788
631.559052
631.559194
631.559357
631.559515
631.610138
631.668005
631.71383
631.714326
631.722245
631.739325
631.761209
631.761452
631.781092
631.912367
631.938046
631.945512
631.946739
631.953061
631.953101
631.955677
631.961478
631.96586
631.967296
631.973872
631.974349
632.155024
632.175066
632.182896
632.199767
632.206925
632.23581
632.248373
632.248608
632.250634
632.33287
632.445059
632.451927
632.452453
632.459019
632.476562
632.655072
632.682068
632.689506
632.690764
632.697573
632.697618
632.697865
632.698897
632.702705
632.703292
632.708258
632.711187
632.889086
632.90908
632.915933
632.933094
632.942106
632.969021
633.175119
633.182739
633.184891
633.194305
633.19537
633.385102
633.405096
633.408206
633.408664
633.41119
633.414122
633.461178
633.615118
633.623289
633.82313
634.124466
634.131648
634.131687
634.138087
634.139844
634.344151
634.351014
634.351365
634.357546
634.358562
634.358987
634.365195
634.365826
634.365847
635.333359
635.806341
637.082528
638.329625
638.33351
638.345041
639.443234
639.444279
639.44465
639.444853
639.445134
639.445302
639.449519
639.451778
639.45201
639.45212
639.480865
639.480916
639.483769
639.483806
639.942647
640.642701
640.691535
643.81881
644.513531
644.513593
644.513937
648.310363
811.190462
811.411285
811.411477
811.411564
811.411662
811.911379
812.02925
812.190506
812.199881
812.199899
812.205425
812.220535
812.411341
812.428575
812.428783
812.481184
812.481649
812.529469
812.529712
812.532539
812.532761
812.688232
812.693645
812.718637
812.743536
812.825528
812.825708
812.855048
812.855062
812.858743
812.911485
812.911658
812.95557
812.955805
812.958512
812.958675
813.014432
813.215692
813.215961
813.339557
813.411397
813.523617
813.523836
813.660657
813.660893
813.661709
813.86434
813.889638
813.889785
813.906978
814.190667
814.418124
814.41831
814.438549
814.438757
814.444065
814.456086
814.462289
814.462461
814.462783
814.462906
814.463192
814.463318
814.463642
814.463766
814.46396
814.464082
814.464558
814.464726
814.465323
814.465537
814.466064
814.466193
814.466414
814.46654
814.466791
814.466914
814.540529
814.540744
814.545809
814.545983
814.54613
814.54626
814.546459
814.546592
814.546753
814.546879
814.546951
814.547035
814.547161
814.547805
814.547935
814.548098
814.548228
814.548368
814.548508
814.548646
814.548769
814.549853
814.549978
814.569057
814.58805
814.691987
814.911601
814.911775
815.411534
815.684951
815.68524
815.68593
815.74364
815.768567
815.793573
815.911616
816.07773
816.077957
816.277984
816.411594
816.466458
816.743768
816.911738
816.955748
817.027752
817.219719
817.411625
817.44386
817.455763
817.462845
817.463001
817.463157
817.463275
817.46342
817.463546
817.463736
817.463891
817.464089
817.464222
817.464703
817.464846
817.465748
817.465921
817.46607
817.466193
817.466872
817.467009
817.467158
817.467281
817.48472
817.545936
817.54616
817.546311
817.546428
817.547431
817.547575
817.547795
817.547917
817.548054
817.548175
817.548362
817.548483
817.548646
817.548769
817.548959
817.549083
817.54922
817.54934
817.549717
817.549848
817.739807
817.777765
817.846793
818.190895
818.529616
818.748829
818.796928
819.278799
819.411777
820.02884
1251.314646
1251.411458
1251.411629
1251.411719
1251.411819
1251.911546
1251.972656
1252.314708
1252.411539
1252.432775
1252.432979
1252.461856
1252.462579
1252.512864
1252.513103
1252.556673
1252.556883
1252.582568
1252.582591
1252.588138
1252.59086
1252.610634
1252.67199
1252.697948
1252.72307
1252.80687
1252.807096
1252.911638
1252.911822
1252.935684
1252.935892
1252.938631
1252.938757
1253.047104
1253.195816
1253.196011
1253.372465
1253.411601
1253.446336
1253.446352
1253.448163
1253.639811
1253.640037
1253.640885
1253.641086
1253.694012
1254.018794
1254.314871
1254.416508
1254.416688
1254.436119
1254.436263
1254.459334
1254.465364
1254.465539
1254.466975
1254.467104
1254.467449
1254.46758
1254.467919
1254.468059
1254.469056
1254.469221
1254.469952
1254.4707
1254.470835
1254.472054
1254.472185
1254.474445
1254.474591
1254.475613
1254.475763
1254.47675
1254.476883
1254.478375
1254.479064
1254.480145
1254.536784
1254.537019
1254.559563
1254.586232
1254.586445
1254.586595
1254.586719
1254.586865
1254.586987
1254.587198
1254.587368
1254.58753
1254.58776
1254.587924
1254.588056
1254.588195
1254.588316
1254.588455
1254.588577
1254.588731
1254.588852
1254.589296
1254.589421
1254.595814
1254.605852
1254.633585
1254.638579
1254.638808
1254.639514
1254.70215
1254.812434
1254.815212
1254.834826
1254.839675
1254.861691
1254.88125
1254.88216
1254.882277
1254.889059
1254.911824
1254.912019
1254.928376
1254.987883
1254.992507
1255.012097
1255.012535
1255.01262
1255.018238
1255.018505
1255.051637
1255.111121
1255.378587
1255.383664
1255.389096
1255.408477
1255.411699
1255.411816
1255.507361
1255.512123
1255.523401
1255.542803
1255.639254
1255.644049
1255.646299
1255.651872
1255.653447
1255.657751
1255.671424
1255.680097
1255.694275
1255.695691
1255.695779
1255.704831
1255.704961
1255.722785
1255.737261
1255.747777
1255.751523
1255.7728
1255.773033
1255.782699
1255.786056
1255.805561
1255.908299
1255.912146
1255.950376
1255.969932
1256.072524
1256.074605
1256.191892
1256.192085
1256.39217
1256.411764
1256.466818
1256.550847
1256.619452
1256.638992
1256.670425
1256.70892
1256.71594
1256.724215
1256.726343
1256.726378
1256.728156
1256.736114
1256.736491
1256.737855
1256.741103
1256.741234
1256.742482
1256.753378
1256.772892
1256.91187
1256.93882
1256.943899
1256.944995
1256.947921
1256.951067
1257.002596
1257.007704
1257.023899
1257.037232
1257.056773
1257.141962
1257.148826
1257.151297
1257.151939
1257.156475
1257.158011
1257.332969
1257.358853
1257.362896
1257.380309
1257.385222
1257.423669
1257.459986
1257.465963
1257.466167
1257.466495
1257.466909
1257.46705
1257.46796
1257.468133
1257.468285
1257.468412
1257.46897
1257.469138
1257.47094
1257.471121
1257.471947
1257.472122
1257.474952
1257.475122
1257.475961
1257.476129
1257.476951
1257.47715
1257.486447
1257.503548
1257.523458
1257.543015
1257.559934
1257.563894
1257.585986
1257.586152
1257.586974
1257.587155
1257.587288
1257.587408
1257.587538
1257.587657
1257.587954
1257.588082
1257.588235
1257.58835
1257.5885
1257.588669
1257.588922
1257.589047
1257.589267
1257.589391
1257.589547
1257.589677
1257.618851
1257.650999
1257.677945
1257.706237
1257.70642
1257.706772
1257.709711
1257.727986
1257.744767
1257.747486
1257.750119
1257.806356
1257.811672
1257.81713
1257.852923
1257.857767
1257.881425
1257.891917
1257.901026
1257.923006
1257.93888
1257.943878
1257.944349
1257.948705
1257.948791
1257.950189
1257.950983
1257.952744
1257.956188
1258.002071
1258.007353
1258.138896
1258.163877
1258.168814
1258.185498
1258.191941
1258.226214
1258.265805
1258.285235
1258.289844
1258.305855
1258.315078
1258.32527
1258.32642
1258.326533
1258.334149
1258.379321
1258.428891
1258.43377
1258.434538
1258.438351
1258.438673
1258.445992
1258.446214
1258.465415
1258.4659
1258.466013
1258.471524
1258.471707
1258.509658
1258.568594
1258.632933
1258.645899
1258.650355
1258.651229
1258.653721
1258.654306
1258.656473
1258.656505
1258.657045
1258.657079
1258.661787
1258.667089
1258.667473
1258.673672
1258.675257
1258.745161
1258.745405
1258.8401
1258.846216
1258.846228
1258.848836
1258.858466
1258.877847
1258.881919
1258.884008
1258.884804
1258.889411
1258.891977
1258.937036
1258.94523
1259.015063
1259.022266
1259.075993
1259.091907
1259.095436
1259.095669
1259.096654
1259.10351
1259.105943
1259.152768
1259.196613
1259.20156
1259.215944
1259.235374
1259.311961
1259.315735
1259.316375
1259.32015
1259.321564
1259.339257
1259.34169
1259.376555
1259.395972
1259.396702
1259.398082
1259.41196
1259.416387
1259.417434
1259.420712
1259.486247
1259.486272
1259.521969
1259.525055
1259.542497
1259.54566
1259.581873
1259.695098
1259.781968
1259.789653
1259.790098
1259.802382
1259.809148
1260.012001
1260.015325
1260.015806
1260.018561
1260.021209
1260.22201
1260.226949
1260.227414
1260.231897
1260.234865
1260.432011
1260.436792
1260.437215
1260.442049
1260.445039
1260.446562
1260.460164
1260.466132
1260.466334
1260.467115
1260.46729
1260.46814
1260.468291
1260.468443
1260.468567
1260.469147
1260.469299
1260.47111
1260.47126
1260.472121
1260.472305
1260.475109
1260.475259
1260.47613
1260.476301
1260.477113
1260.477264
1260.575095
1260.582132
1260.586145
1260.586315
1260.587128
1260.587302
1260.587456
1260.587579
1260.587729
1260.587854
1260.588136
1260.588297
1260.58846
1260.588587
1260.588719
1260.58886
1260.589106
1260.589224
1260.589376
1260.589502
1260.589661
1260.589785
1260.652027
1260.705346
1260.705874
1260.710442
1260.72804
1260.932041
1260.935827
1260.93702
1260.939931
1260.939975
1260.940221
1260.941308
1260.942566
1260.945066
1260.949131
1260.952481
1261.136061
1261.146058
1261.14887
1261.166099
1261.171056
1261.196654
1261.208642
1261.217965
1261.218181
1261.220161
1261.408087
1261.41537
1261.41584
1261.418319
1261.418341
1261.422979
1261.439878
1261.546342
1261.618103
1261.636091
1261.640596
1261.641736
1261.645855
1261.645922
1261.646237
1261.64739
1261.648721
1261.651588
1261.656545
1261.840129
1261.860084
1261.865067
1261.886425
1261.891652
1261.921862
1261.946236
1262.120116
1262.125114
1262.127359
1262.136253
1262.142086
1262.330148
1262.340115
1262.350036
1262.350802
1262.362416
1262.364962
1262.560143
1262.56432
1262.696196
1262.764141
1263.06544
1263.078298
1263.082552
1263.275196
1263.279224
1263.279596
1263.282296
1263.284859
1263.285384
1263.289245
1263.289864
1263.289895
1263.575339
1264.958406
1266.315549
1266.575507
1269.575489
1269.60767
1271.228515
1271.228827
1271.236136
1272.963851
1276.423991
1276.437135
1277.134026
1277.146179
1281.26409
1281.264352
1281.273525
1281.595654
1281.597614
1281.597947
1281.598128
1281.598219
1281.599702
1281.60351
1281.603766
1281.603922
1281.605947
1281.638523
1281.638562
1281.641653
1281.641683
1282.316471
1285.025968
1285.615814
1288.97378
1365.909359
1365.912014
1365.912118
1365.91222
1365.912326
1366.412114
1366.534668
1366.909301
1366.912094
1366.966568
1366.966588
1366.968422
1366.968624
1366.970741
1366.975121
1366.983561
1366.983908
1366.987881
1367.040439
1367.04073
1367.070254
1367.070439
1367.199244
1367.224182
1367.249335
1367.331114
1367.331135
1367.33304
1367.33311
1367.335729
1367.336002
1367.411187
1367.412214
1367.412377
1367.463915
1367.464185
1367.466512
1367.466706
1367.62664
1367.723391
1367.72359
1367.733564
1367.835144
1367.835199
1367.912159
1368.054872
1368.16855
1368.1688
1368.221322
1368.22151
1368.381671
1368.627881
1368.629332
1368.629483
1368.63476
1368.63557
1368.909425
1368.923623
1368.923845
1368.968621
1368.975803
1368.975985
1368.984107
1368.984301
1368.989332
1368.989638
1368.995132
1368.99531
1368.995651
1368.995864
1368.996133
1368.996265
1368.996517
1368.996643
1368.996892
1368.99704
1368.997371
1368.997547
1368.998021
1368.998188
1368.99836
1368.998499
1369.062569
1369.063227
1369.063589
1369.063717
1369.063857
1369.063978
1369.064143
1369.06431
1369.064458
1369.064581
1369.064722
1369.064854
1369.065083
1369.06521
1369.065369
1369.065491
1369.065662
1369.065796
1369.065984
1369.066109
1369.077299
1369.077526
1369.103065
1369.109185
1369.10964
1369.109776
1369.163662
1369.412326
1369.412525
1369.676648
1369.690835
1369.699149
1369.712706
1369.726839
1369.727417
1369.727503
1369.736178
1369.736417
1369.746488
1369.760608
1369.912264
1369.912434
1370.24935
1370.27434
1370.299395
1370.773805
1370.774047
1370.911328
1370.968387
1370.974827
1371.184576
1371.263351
1371.306418
1371.318449
1371.323561
1371.330075
1371.330121
1371.332767
1371.339519
1371.339821
1371.34792
1371.349472
1371.411428
1371.47546
1371.549385
1371.556936
1371.558238
1371.567445
1371.567824
1371.724487
1371.769385
1371.778285
1371.779017
1371.784234
1371.789274
1371.79455
1371.84447
1371.968461
1371.984505
1371.984674
1371.9894
1371.989714
1371.989855
1371.9955
1371.995644
1371.995774
1371.995911
1371.996505
1371.99664
1371.996769
1371.996893
1371.997029
1371.997148
1371.997724
1371.997874
1371.998647
1371.998779
1371.999526
1371.999649
1372.008356
1372.025643
1372.063561
1372.063708
1372.063865
1372.063991
1372.064142
1372.064265
1372.064439
1372.064561
1372.064754
1372.064876
1372.065029
1372.065154
1372.065448
1372.065603
1372.065791
1372.065917
1372.066069
1372.0662
1372.06645
1372.066583
1372.084474
1372.10881
1372.137777
1372.163535
1372.198509
1372.221548
1372.336555
1372.339427
1372.350296
1372.350814
1372.358397
1372.375
1372.474481
1372.569429
1372.57639
1372.576843
1372.582814
1372.58286
1372.583811
1372.585363
1372.588615
1372.600064
1372.779464
1372.796429
1372.803716
1372.822906
1372.831632
1372.860978
1372.909628
1373.056469
1373.063421
1373.064158
1373.069115
1373.073377
1373.263468
1373.27147
1373.278114
1373.279226
1373.280044
1373.289627
1373.289886
1373.289917
1373.290097
1373.29019
1373.290211
1373.290511
1373.292709
1373.297269
1373.298422
1373.327623
1373.327796
1373.348567
1373.501489
1373.504572
1373.506473
1373.52422
1373.524324
1373.527852
1373.721501
1373.72907
1373.730103
1373.737009
1373.739317
1373.911537
1373.941526
1373.95804
1373.9796
1374.277663
1374.911559
1374.968689
1374.984691
1374.984887
1374.989682
1374.989862
1374.995688
1374.995861
1374.996014
1374.996138
1374.996671
1374.996844
1374.996997
1374.997114
1374.997264
1374.99739
1374.997645
1374.997778
1374.999673
1374.999854
1374.999999
1375.000113
1375.027624
1375.063772
1375.06393
1375.064085
1375.064204
1375.064345
1375.064489
1375.064693
1375.064826
1375.064995
1375.065118
1375.06527
1375.065397
1375.065631
1375.065755
1375.065916
1375.066038
1375.066191
1375.066319
1375.066644
1375.066841
1375.178709
1375.211719
1375.360955
1375.46988
1375.684107
1375.779211
1375.911618
1376.035054
1376.528798
1377.095034
1377.150403
1377.278749
1377.91173
1378.120081
1378.178896
1378.911789
1379.374954
1380.261143
1380.316037
1380.910135
1380.911997
1381.126942
1381.17908
1381.91196
1383.427336
1383.475639
1383.767399
1384.090373
1384.236266
1384.412105
1384.413134
1384.739985
1385.065818
1385.072827
1385.072842
1385.077139
1385.561208
1385.808665
1385.808688
1385.815685
1385.816977
1385.817128
1385.884808
1385.913351
1385.92749
1385.939328
1385.95342
1385.967591
1385.9682
1385.968302
1385.976762
1385.976975
1385.986812
1386.001013
1386.196606
1386.205183
1386.453252
1386.533222
1386.586522
1386.711912
1386.966521
1387.381389
1388.000548
1388.737472
1389.411386
1390.003707
1390.411451
1391.076636
1391.077776
1391.080291
1391.080311
1391.084713
1391.09882
1391.104827
1391.119815
1391.133686
1391.134021
1391.13414
1391.143187
1391.157126
1391.157215
1391.166613
1391.321627
1391.322089
1391.322374
1391.337108
1391.337246
1391.347958
1391.35088
1391.351743
1391.365871
1391.392051
1391.399882
1394.026097
1396.910056
1398.866859
1402.048936
1403.502448
1406.357997
1411.303789
1501.368222
1501.411791
1501.411988
1501.412078
1501.412182
1501.911874
1501.999917
1502.094964
1502.094984
1502.100075
1502.108496
1502.119853
1502.368027
1502.411853
1502.425132
1502.426266
1502.457469
1502.458051
1502.512151
1502.512424
1502.525908
1502.528985
1502.529178
1502.671102
1502.695982
1502.721727
1502.758011
1502.758032
1502.759842
1502.805029
1502.805239
1502.848834
1502.911964
1502.912149
1502.93503
1502.935217
1502.937944
1502.938069
1503.182845
1503.195119
1503.195308
1503.411926
1503.497635
1503.640234
1503.640484
1503.693113
1503.693331
1503.769632
1504.368161
1504.41728
1504.417482
1504.436244
1504.436415
1504.470152
1504.475899
1504.476146
1504.476443
1504.476569
1504.477316
1504.47746
1504.477701
1504.47816
1504.478996
1504.479131
1504.479363
1504.47949
1504.480416
1504.480547
1504.480794
1504.48093
1504.481617
1504.481837
1504.482433
1504.482565
1504.53709
1504.537308
1504.546952
1504.547267
1504.547468
1504.547597
1504.547739
1504.547869
1504.548178
1504.548302
1504.548453
1504.548583
1504.548752
1504.548909
1504.549089
1504.549214
1504.549415
1504.549537
1504.549937
1504.550083
1504.550481
1504.550606
1504.586568
1504.591347
1504.591536
1504.592217
1504.617112
1504.912087
1504.912276
1505.41208
1505.412237
1505.722127
1505.747122
1505.772117
1506.244235
1506.244446
1506.412091
1506.444481
1506.46782
1506.621246
1506.716134
1506.760204
1506.776182
1506.77953
1506.780847
1506.780981
1506.781524
1506.792045
1506.79209
1506.794669
1506.799513
1506.802263
1506.802569
1506.806566
1506.807975
1506.813765
1506.821397
1506.840246
1506.854474
1506.855019
1506.855142
1506.866016
1506.867228
1506.873983
1506.888211
1506.912204
1506.964272
1507.007158
1507.009328
1507.010299
1507.015631
1507.015879
1507.02626
1507.194329
1507.217147
1507.224079
1507.224719
1507.228285
1507.234362
1507.234562
1507.434174
1507.451031
1507.468097
1507.470281
1507.476312
1507.476467
1507.476612
1507.476737
1507.476896
1507.477474
1507.477611
1507.478283
1507.478466
1507.479273
1507.479452
1507.479603
1507.479726
1507.480259
1507.480428
1507.481259
1507.48143
1507.481579
1507.481702
1507.482258
1507.482512
1507.49325
1507.511994
1507.547307
1507.547463
1507.547618
1507.547743
1507.548274
1507.54845
1507.548635
1507.548763
1507.548914
1507.549039
1507.549241
1507.549363
1507.54958
1507.54974
1507.549891
1507.550007
1507.550233
1507.550379
1507.550597
1507.550757
1507.617282
1507.633229
1507.703461
1507.714192
1507.721209
1507.721677
1507.728328
1507.744937
1507.745209
1507.941184
1507.944219
1507.955099
1507.955516
1507.963101
1507.963149
1507.963978
1507.965813
1507.968667
1507.970595
1508.155212
1508.165193
1508.172628
1508.189411
1508.197141
1508.226512
1508.368382
1508.432193
1508.439072
1508.439881
1508.447044
1508.452776
1508.638235
1508.648215
1508.654921
1508.656061
1508.656978
1508.666503
1508.666689
1508.666746
1508.666887
1508.666912
1508.667282
1508.667649
1508.669404
1508.672493
1508.676303
1508.797377
1508.797607
1508.823626
1508.875254
1508.883106
1508.883872
1508.892078
1508.89445
1508.997578
1509.085251
1509.091945
1509.092889
1509.099942
1509.102173
1509.295269
1509.302893
1509.303522
1509.310696
1509.31161
1509.412288
1509.505291
1509.512333
1509.529653
1509.537696
1509.569638
1509.747419
1509.765285
1510.470489
1510.47645
1510.476644
1510.476794
1510.476919
1510.477451
1510.477622
1510.478467
1510.478625
1510.479443
1510.479634
1510.479867
1510.480001
1510.480432
1510.480608
1510.481435
1510.48163
1510.481762
1510.481883
1510.482392
1510.482529
1510.497357
1510.547571
1510.547767
1510.547941
1510.548061
1510.548404
1510.54854
1510.548698
1510.548852
1510.549006
1510.54915
1510.549389
1510.549532
1510.549755
1510.549916
1510.550063
1510.550184
1510.550413
1510.550669
1510.550958
1510.551131
1510.631481
1510.649489
1510.832441
1511.070262
1511.123376
1511.249017
1511.911407
1511.998547
1512.748518
1512.911445
1513.633921
1513.696752
1514.234853
1514.28947
1514.431414
1514.843695
1514.91157
1515.911654
1516.265377
1516.368862
1516.633797
1517.399933
1517.426657
1518.269852
1518.411789
1518.464218
1519.411834
1519.676982
1520.538113
1520.557218
1520.579465
1520.88044
1521.205145
1521.411946
1521.527863
1521.857207
1522.184229
1522.190309
1522.190324
1522.194856
1522.630617
1522.748894
1522.855131
1523.016662
1523.01668
1523.018465
1523.019722
1523.019858
1523.024048
1523.024625
1523.038782
1523.045267
1523.049571
1523.063793
1523.064577
1523.064695
1523.066694
1523.068792
1523.071811
1523.085913
1523.319886
1523.388447
1523.646379
1523.64982
1523.693337
1523.913752
1524.182019
1524.572168
1525.217067
1525.572221
1526.572287
1527.240819
1527.57234
1527.621833
1528.572376
1529.57244
1530.572498
1531.268633
1531.572556
1532.368807
1532.411572
1532.572614
1533.411634
1533.572669
1534.411693
1534.572722
1534.67259
1535.782239
1536.411811
1537.411863
1538.849096
1539.306549
1546.745515
1547.894041
1547.898451
1547.905438
1547.910658
1547.913943
1547.914714
1547.914728
1547.944268
1547.972775
1547.977105
1547.983706
1547.990123
1548.314477
1548.63739
1548.676402
1548.67643
1548.678302
1548.679652
1548.679775
1548.684041
1548.68439
1548.698329
1548.708084
1548.718891
1548.733147
1548.734391
1548.734519
1548.736402
1548.738502
1548.750703
1548.764881
1548.926078
1549.019298
1549.345748
1549.347739
1549.6785
1549.678525
1553.333489
1553.583066
1553.843291
1554.109255
1554.115526
1554.126855
1554.126909
1554.131707
1554.137003
1554.137304
1554.15412
1554.154388
1554.353855
1554.360509
1554.361475
1554.368455
1554.370972
1554.573873
1554.583379
1554.58399
1554.595112
1554.595359
1554.803886
1554.811182
1554.828358
1554.837229
1554.868832
1555.0739
1555.080773
1555.081241
1555.087827
1555.087861
1555.097288
1555.111032
1555.12895
1555.309908
1555.3172
1555.317719
1555.324625
1555.324674
1555.325597
1555.327412
1555.330358
1555.332758
1555.516952
1555.526936
1556.091295
1556.10797
1556.119341
1556.146142
1556.35098
1556.357952
1556.3588
1556.365449
1556.368571
1556.557999
1556.567968
1556.575289
1556.576507
1556.577293
1556.878016
1556.88474
1556.884789
1557.170463
1557.935444
1559.580174
1559.593841
1559.593905
1559.594227
1559.59461
1559.603687
1559.603935
1559.609598
1559.809177
1559.816181
1559.817032
1559.824045
1559.826324
1560.029186
1560.036077
1560.037026
1560.043941
1560.046106
1560.245201
1560.25271
1560.253339
1560.26123
1560.263615
1560.45519
1560.462703
1560.480098
1560.488149
1560.524016
1560.715228
1560.727625
1560.728091
1560.736276
1560.737877
1560.935228
1560.942246
1560.94266
1560.94944
1560.952032
1561.152242
1561.159348
1561.159739
1561.166431
1561.169027
1561.197729
1561.372258
1561.37996
1561.380428
1561.388978
1561.390389
1561.589281
1561.596129
1561.596677
1561.604047
1561.622873
1561.819282
1561.828854
1561.829989
1561.836457
1561.836484
1561.836694
1561.837774
1561.839197
1561.841925
1561.846017
1562.029302
1562.049279
1562.060101
1562.077079
1562.086709
1562.317804
1562.327254
1562.327479
1562.329514
1562.519342
1562.521387
1562.521924
1562.530412
1562.530469
1562.53251
1562.545772
1562.72135
1562.747349
1562.757447
1562.761797
1562.768542
1562.768573
1562.768778
1562.769852
1562.777089
1562.777329
1562.778269
1562.96036
1562.981361
1562.987797
1563.005449
1563.012985
1563.044895
1563.23736
1563.245352
1563.247398
1563.254415
1563.258129
1563.445362
1563.457376
1563.464273
1563.46478
1563.472268
1563.474661
1563.667395
1563.679456
1563.879411
1564.180746
1564.187676
1564.18771
1564.193232
1564.195006
1564.368623
1564.394426
1564.400853
1564.401211
1564.407052
1564.407964
1564.408439
1564.417922
1564.418033
1564.418063
1569.233378
1569.503094
1569.504094
1569.504504
1569.50476
1569.504875
1569.511262
1569.51799
1569.518617
1569.518828
1569.518974
1569.534809
1569.534875
1569.535035
1569.535056
1570.862929
1574.579774
1574.579841
1574.580054
2402.394574
2402.411392
2402.411519
2402.411608
2402.411706
2402.91147
2403.211525
2403.394796
2403.41146
2403.439882
2403.451454
2403.471185
2403.471805
2403.522788
2403.523084
2403.554687
2403.554861
2403.655598
2403.655617
2403.659906
2403.667846
2403.68123
2403.681618
2403.706564
2403.731529
2403.818192
2403.818415
2403.911586
2403.911796
2403.946046
2403.946318
2403.948753
2403.948945
2404.13167
2404.205747
2404.205944
2404.386449
2404.386472
2404.388579
2404.411503
2404.429907
2404.430045
2404.454477
2404.472467
2404.65078
2404.651048
2404.716671
2404.716855
2404.790232
2405.100755
2405.410318
2405.431539
2405.431739
2405.441723
2405.441926
2405.473268
2405.473477
2405.480328
2405.484366
2405.485114
2405.486851
2405.487538
2405.487653
2405.488146
2405.488282
2405.490219
2405.490373
2405.490892
2405.491062
2405.492057
2405.492198
2405.492445
2405.492591
2405.49452
2405.494742
2405.494987
2405.49512
2405.569771
2405.570425
2405.570988
2405.571119
2405.571359
2405.571493
2405.571646
2405.571767
2405.571932
2405.572054
2405.572592
2405.572735
2405.573057
2405.573192
2405.573916
2405.57405
2405.574479
2405.574672
2405.574828
2405.57525
2405.575395
2405.575519
2405.618972
2405.624008
2405.624289
2405.625512
2405.637242
2405.793055
2405.911709
2405.911886
2406.411631
2406.411822
2406.491271
2406.505553
2406.510179
2406.526773
2406.541091
2406.541213
2406.541321
2406.54839
2406.54857
2406.559459
2406.573605
2406.731749
2406.75219
2406.756679
2406.781712
2407.26884
2407.269041
2407.41167
2407.46905
2407.472753
2407.538761
2407.610767
2407.668778
2407.91178
2408.073851
2408.218849
2408.322896
2408.441981
2408.442166
2408.484845
2408.486872
2408.487057
2408.487861
2408.488043
2408.488203
2408.48833
2408.48985
2408.489991
2408.490856
2408.491018
2408.491858
2408.492033
2408.492871
2408.493068
2408.494864
2408.495045
2408.495204
2408.495329
2408.538834
2408.570973
2408.571113
2408.571275
2408.571405
2408.571878
2408.572062
2408.572249
2408.572384
2408.572535
2408.572672
2408.572861
2408.573002
2408.573197
2408.573328
2408.573891
2408.574168
2408.574866
2408.575005
2408.575869
2408.57604
2408.637897
2408.650849
2408.735991
2408.781123
2408.786533
2408.791857
2408.901987
2408.968834
2409.41104
2409.831024
2409.831263
2409.912917
2410.031316
2410.127812
2410.411884
2410.455961
2410.455981
2410.781045
2411.442143
2411.442334
2411.485035
2411.487047
2411.487227
2411.488044
2411.488219
2411.488378
2411.488508
2411.490013
2411.490146
2411.491033
2411.491204
2411.492041
2411.492213
2411.493029
2411.493201
2411.495028
2411.495202
2411.495341
2411.495461
2411.530971
2411.556098
2411.571135
2411.571282
2411.571452
2411.571583
2411.572044
2411.57222
2411.5724
2411.572518
2411.573056
2411.573226
2411.573392
2411.57352
2411.573674
2411.573798
2411.574007
2411.57413
2411.575042
2411.575239
2411.576051
2411.576234
2411.652805
2411.712345
2411.717587
2411.724131
2411.724163
2411.724372
2411.724651
2411.734543
2411.734666
2411.739945
2411.926052
2411.936967
2411.942967
2411.944043
2411.950469
2411.956083
2412.162981
2412.167875
2412.168499
2412.173133
2412.174535
2412.282608
2412.366998
2412.372355
2412.38979
2412.394948
2412.43512
2412.633782
2412.642022
2412.647851
2412.648341
2412.651864
2412.669386
2412.872026
2412.877017
2412.877547
2412.880474
2412.880521
2412.881466
2412.883151
2412.886195
2412.888287
2413.032128
2413.077051
2413.087021
2413.089635
2413.10794
2413.11287
2413.142866
2413.337044
2413.34181
2413.342724
2413.347831
2413.354507
2413.541047
2413.554053
2413.55639
2413.556981
2413.55883
2413.561197
2413.564121
2413.564164
2413.564422
2413.564712
2413.567343
2413.570267
2413.570288
2413.571772
2413.576533
2413.778061
2413.78209
2413.783074
2413.783928
2413.791127
2413.793056
2413.988077
2413.997376
2413.998412
2414.003168
2414.005697
2414.208092
2414.211132
2414.21172
2414.214627
2414.216256
2414.421118
2414.430411
2414.448992
2414.453282
2414.49167
2414.653229
2414.691109
2414.696001
2414.696447
2414.701754
2414.704835
2414.905124
2414.910164
2414.910597
2414.916305
2414.919086
2415.125143
2415.130198
2415.130653
2415.135595
2415.138275
2415.340154
2415.342553
2415.343016
2415.345433
2415.347372
2415.550165
2415.553418
2415.55394
2415.560816
2415.573384
2415.770196
2415.776685
2415.777891
2415.781909
2415.78195
2415.782174
2415.783209
2415.78466
2415.78772
2415.792757
2415.950296
2415.977186
2415.987155
2415.991996
2416.009141
2416.011578
2416.041516
2416.052922
2416.053139
2416.055223
2416.237201
2416.24199
2416.242539
2416.247168
2416.264723
2416.43723
2416.457239
2416.462091
2416.463282
2416.467756
2416.467798
2416.470393
2416.477358
2416.478517
2416.487168
2416.490256
2416.662251
2416.69224
2416.697201
2416.714268
2416.718534
2416.749603
2416.952265
2416.95446
2416.956652
2416.962387
2416.9639
2417.154274
2417.162248
2417.167168
2417.167794
2417.172656
2417.1752
2417.382263
2417.386436
2417.411451
2417.592302
2417.653416
2417.887582
2417.893103
2417.895543
2418.095317
2418.100271
2418.100642
2418.104376
2418.105436
2418.105892
2418.110718
2418.110918
2418.110949
2420.582593
2420.637202
2423.953784
2426.082044
2426.082344
2426.089852
2431.244103
2431.261251
2431.946117
2431.956935
2433.047084
2433.048032
2433.048531
2433.048713
2433.048819
2433.050541
2433.05381
2433.054147
2433.054393
2433.057453
2433.088288
2433.088333
2433.090789
2433.090826
2433.41139
2436.678045
2437.065175
2438.123157
2438.123222
2438.125522
2439.962726
2484.509242
2484.912111
2484.912324
2484.912418
2484.912528
2485.353149
2485.412185
2485.50937
2485.695186
2485.695215
2485.706729
2485.709021
2485.716596
2485.912174
2485.930231
2485.930608
2485.966723
2485.967177
2486.017475
2486.017711
2486.031299
2486.031485
2486.176399
2486.201256
2486.224094
2486.226254
2486.310407
2486.310614
2486.412301
2486.41251
2486.440801
2486.442459
2486.443451
2486.443603
2486.477102
2486.477119
2486.479114
2486.544494
2486.700466
2486.700665
2486.749677
2486.762146
2486.83243
2486.832635
2486.867674
2486.912242
2487.145473
2487.145679
2487.196058
2487.509444
2487.757402
2487.773991
2487.778887
2487.830354
2487.833197
2487.841579
2487.917246
2487.917422
2487.937391
2487.937572
2487.952577
2487.953096
2487.953233
2487.963652
2487.964092
2487.970594
2487.970884
2487.971236
2487.971372
2487.971992
2487.97215
2487.972485
2487.972612
2487.972958
2487.973087
2487.973488
2487.973652
2487.973897
2487.974053
2487.97425
2487.974438
2488.037421
2488.037688
2488.044641
2488.044909
2488.045048
2488.045231
2488.045397
2488.045527
2488.045824
2488.045955
2488.046269
2488.04642
2488.046668
2488.046798
2488.047046
2488.047177
2488.04744
2488.04757
2488.04782
2488.04795
2488.048683
2488.048815
2488.085805
2488.090826
2488.09105
2488.091411
2488.412403
2488.412576
2488.806716
2488.820984
2488.823519
2488.842932
2488.857071
2488.857575
2488.857662
2488.863432
2488.863446
2488.865582
2488.874912
2488.889165
2488.912352
2488.912533
2489.174449
2489.226529
2489.251418
2489.276437
2489.384524
2489.38472
2489.503877
2489.503894
2489.584801
2489.911411
2489.966434
2490.054517
2490.172519
2490.208225
2490.215232
2490.22118
2490.223429
2490.223495
2490.225252
2490.23578
2490.236302
2490.241281
2490.242181
2490.334555
2490.411518
2490.441456
2490.446754
2490.44766
2490.452349
2490.454827
2490.470503
2490.651453
2490.65612
2490.656744
2490.661927
2490.663682
2490.73658
2490.757615
2490.861505
2490.866762
2490.883869
2490.889027
2490.933229
2490.952596
2490.953545
2490.953696
2490.964608
2490.964771
2490.970599
2490.970758
2490.971671
2490.971799
2490.971945
2490.972074
2490.972527
2490.972666
2490.972833
2490.972956
2490.973516
2490.973649
2490.973784
2490.973906
2490.974532
2490.974659
2490.989625
2491.044676
2491.044844
2491.04562
2491.045779
2491.045937
2491.046057
2491.046188
2491.04633
2491.046595
2491.046715
2491.046869
2491.046991
2491.047208
2491.04734
2491.047525
2491.047649
2491.047814
2491.047938
2491.048608
2491.048762
2491.084652
2491.131514
2491.146564
2491.202757
2491.213099
2491.213583
2491.219693
2491.219714
2491.222453
2491.240248
2491.254626
2491.442519
2491.44674
2491.447149
2491.451589
2491.451636
2491.452531
2491.45423
2491.457335
2491.459967
2491.509656
2491.652552
2491.655494
2491.660158
2491.677356
2491.683983
2491.719751
2491.915597
2491.937615
2491.937787
2491.98167
2491.982466
2491.987165
2491.991065
2492.137852
2492.18156
2492.191556
2492.198297
2492.199493
2492.200314
2492.20736
2492.216059
2492.216103
2492.216373
2492.216654
2492.22358
2492.223611
2492.223748
2492.229222
2492.233851
2492.265673
2492.429567
2492.464363
2492.465233
2492.47011
2492.483947
2492.679594
2492.684144
2492.68512
2492.688072
2492.694193
2492.887652
2492.889595
2492.911594
2492.911735
2492.912274
2492.917711
2492.919057
2493.121623
2493.12545
2493.145272
2493.151469
2493.190847
2493.391634
2493.396351
2493.396818
2493.400453
2493.403618
2493.601668
2493.6064
2493.606961
2493.611765
2493.614529
2493.637772
2493.75776
2493.81167
2493.816702
2493.817132
2493.82124
2493.826731
2493.952832
2493.95376
2493.953959
2493.964869
2493.965062
2493.970754
2493.970938
2493.971762
2493.971939
2493.972088
2493.97221
2493.972763
2493.972924
2493.973106
2493.973233
2493.97376
2493.973944
2493.97411
2493.974262
2493.974756
2493.974933
2494.026681
2494.044894
2494.045073
2494.045853
2494.046
2494.046172
2494.046314
2494.04653
2494.046707
2494.046909
2494.04705
2494.047202
2494.047328
2494.047482
2494.047606
2494.047762
2494.047883
2494.048223
2494.048387
2494.048718
2494.048852
2494.069152
2494.069606
2494.152808
2494.17834
2494.182819
2494.279764
2494.378683
2494.382514
2494.382997
2494.38751
2494.387543
2494.389281
2494.394543
2494.411875
2494.608708
2494.614789
2494.61599
2494.620027
2494.62007
2494.620357
2494.621395
2494.622763
2494.625523
2494.635154
2494.66905
2494.773399
2494.814713
2494.844696
2494.848556
2494.865805
2494.873791
2494.907698
2494.920409
2494.9206
2494.923583
2495.107721
2495.112535
2495.113091
2495.117797
2495.134992
2495.138812
2495.307749
2495.328735
2495.333206
2495.3344
2495.340057
2495.340099
2495.340393
2495.341423
2495.343225
2495.346058
2495.34989
2495.532759
2495.552743
2495.556633
2495.574144
2495.579483
2495.609896
2495.812786
2495.817725
2495.819866
2495.822966
2495.826239
2495.888804
2496.022803
2496.032767
2496.037718
2496.038261
2496.047029
2496.047168
2496.252802
2496.258007
2496.457811
2496.75915
2496.765052
2496.769611
2496.968849
2496.974475
2496.974846
2496.979143
2496.980989
2496.981438
2496.985803
2496.986358
2496.986388
2497.678285
2497.773016
2498.290029
2499.510163
2500.773226
2502.71283
2503.185287
2504.966746
2504.96702
2504.974287
2506.299452
2510.106594
2510.116494
2510.816635
2510.828417
2514.98355
2514.98387
2514.993275
2515.399314
2515.400285
2515.400618
2515.400811
2515.400946
2515.40231
2515.405105
2515.405297
2515.405508
2515.40967
2515.442079
2515.442107
2515.445004
2515.445036
2515.511093
2518.722662
2522.299423
2540.817499
2540.912332
2540.912548
2540.912634
2540.912736
2541.399911
2541.41238
2541.817559
2541.91238
2541.926316
2541.926548
2541.957978
2541.958642
2542.029535
2542.029745
2542.168746
2542.193452
2542.218451
2542.264163
2542.264184
2542.267483
2542.281402
2542.293038
2542.324394
2542.411506
2542.411675
2542.45875
2542.459032
2542.683336
2542.90112
2542.901146
2542.902924
2542.905752
2542.905893
2542.911432
2542.928743
2542.929018
2542.993349
2543.008136
2543.112756
2543.112968
2543.152634
2543.152835
2543.651511
2543.794756
2543.794978
2543.795166
2543.795295
2543.817669
2543.918235
2543.918423
2543.941874
2543.942035
2543.956018
2543.957937
2543.958109
2543.958724
2543.958858
2543.959458
2543.962434
2543.967755
2543.967931
2543.968229
2543.968352
2543.968733
2543.968943
2543.969645
2543.969918
2543.970198
2543.97032
2543.970687
2543.97081
2543.97102
2543.971141
2544.040102
2544.0403
2544.040451
2544.040571
2544.040955
2544.041081
2544.041284
2544.041411
2544.041632
2544.041751
2544.04207
2544.042198
2544.042408
2544.042586
2544.042647
2544.042738
2544.042991
2544.043115
2544.044076
2544.044227
2544.044533
2544.044658
2544.079574
2544.093986
2544.108208
2544.203177
2544.223791
2544.237978
2544.239286
2544.239406
2544.251153
2544.251237
2544.256316
2544.270498
2544.411623
2544.411808
2544.429653
2544.911599
2544.942761
2545.218686
2545.243634
2545.268623
2545.440446
2545.440719
2545.441068
2545.706731
2545.706947
2545.907033
2545.911639
2545.951911
2545.966378
2546.289801
2546.411716
2546.411884
2546.463768
2546.656825
2546.724745
2546.95586
2546.957816
2546.957988
2546.958815
2546.958963
2546.96581
2546.965985
2546.967809
2546.967943
2546.968125
2546.968263
2546.968814
2546.968987
2546.969772
2546.969913
2546.97008
2546.970213
2546.970811
2546.970957
2546.971121
2546.971242
2546.989755
2547.040898
2547.041031
2547.041186
2547.041332
2547.041496
2547.04162
2547.041809
2547.041931
2547.042243
2547.042403
2547.042764
2547.042899
2547.043109
2547.043231
2547.043425
2547.04355
2547.043757
2547.043882
2547.044832
2547.044987
2547.240855
2547.354806
2547.406741
2547.411695
2547.809686
2547.817925
2548.075096
2548.158542
2548.253895
2548.337787
2548.552683
2548.552765
2548.577336
2548.610774
2548.618723
2548.907895
2548.911811
2548.951937
2549.411827
2549.411969
2549.657877
2549.841647
2549.956142
2549.957997
2549.958172
2549.958981
2549.959154
2549.966001
2549.966152
2549.971158
2549.971369
2549.971559
2549.971695
2549.971872
2549.971998
2549.972182
2549.972308
2549.972477
2549.972604
2549.97283
2549.972971
2549.97314
2549.973266
2550.041112
2550.04147
2550.041632
2550.041758
2550.041975
2550.042111
2550.042284
2550.042412
2550.042578
2550.042702
2550.04303
2550.043152
2550.043351
2550.043478
2550.043645
2550.043771
2550.043983
2550.044137
2550.044988
2550.045186
2550.275421
2550.375018
2550.411872
2550.412017
2550.511005
2550.511215
2550.711331
2551.461098
2551.700218
2551.754405
2551.95207
2552.211173
2552.411992
2552.717692
2553.41205
2553.72272
2554.280201
2554.865362
2554.920789
2554.966924
2555.729457
2555.818392
2555.912187
2556.912258
2557.967447
2558.031509
2558.080872
2558.299821
2558.382095
2558.912362
2559.407525
2559.911418
2560.967624
2561.192722
2561.228912
2561.911536
2562.279678
2562.911616
2564.339895
2620.820814
2620.91191
2620.912105
2620.912192
2620.912291
2621.411972
2621.646014
2621.777578
2621.777597
2621.781323
2621.822002
2621.824741
2621.911955
2621.941878
2621.9421
2621.96498
2621.96565
2622.016187
2622.016469
2622.044065
2622.044255
2622.171363
2622.175652
2622.202699
2622.228039
2622.309184
2622.30939
2622.412119
2622.412289
2622.419417
2622.419433
2622.421454
2622.439183
2622.439338
2622.44215
2622.442283
2622.5241
2622.699246
2622.699453
2622.847835
2622.912033
2623.144327
2623.144602
2623.162201
2623.1624
2623.17174
2623.419751
2623.421005
2623.433025
2623.822285
2623.918345
2623.918527
2623.935814
2623.935989
2623.967817
2623.968461
2623.968611
2623.968902
2623.969026
2623.969267
2623.969395
2623.970001
2623.970134
2623.971955
2623.972089
2623.97339
2623.973514
2623.973958
2623.974137
2623.974413
2623.974518
2623.974728
2623.974866
2623.975059
2623.975488
2624.036146
2624.036353
2624.041699
2624.041855
2624.042054
2624.042175
2624.042327
2624.042449
2624.042671
2624.042801
2624.042941
2624.043099
2624.043258
2624.043395
2624.043567
2624.043687
2624.043838
2624.04396
2624.044319
2624.044442
2624.044635
2624.044759
2624.055188
2624.083304
2624.088356
2624.088573
2624.089263
2624.386252
2624.412183
2624.41238
2624.475025
2624.4892
2624.500385
2624.515873
2624.529965
2624.53053
2624.53065
2624.540237
2624.540447
2624.549695
2624.563802
2624.912144
2624.912337
2625.228253
2625.2532
2625.278229
2625.714317
2625.714539
2625.912201
2625.914541
2625.968214
2626.036679
2626.412292
2626.472287
2626.664456
2626.755335
2626.968431
2626.968508
2626.968684
2626.969381
2626.969535
2626.969689
2626.969823
2626.970385
2626.970545
2626.972383
2626.972558
2626.973393
2626.973522
2626.974369
2626.974543
2626.97469
2626.97481
2626.974961
2626.975092
2626.975334
2626.975497
2627.005394
2627.04149
2627.041672
2627.042348
2627.042496
2627.04266
2627.042791
2627.042955
2627.043083
2627.043341
2627.043466
2627.043637
2627.04376
2627.043908
2627.044034
2627.044186
2627.044327
2627.044596
2627.044719
2627.044872
2627.044999
2627.055423
2627.200454
2627.206334
2627.236135
2627.242348
2627.246401
2627.318406
2627.414334
2627.822488
2628.266508
2628.266712
2628.330434
2628.466801
2628.587902
2628.91239
2628.915142
2628.915157
2629.216532
2629.966628
2629.968589
2629.968614
2629.96878
2629.969547
2629.969722
2629.969869
2629.969995
2629.970557
2629.970736
2629.972652
2629.972788
2629.973525
2629.973666
2629.974563
2629.974736
2629.974886
2629.975011
2629.975162
2629.975286
2629.975513
2629.975673
2630.041609
2630.041777
2630.042784
2630.04292
2630.043083
2630.04321
2630.043456
2630.043583
2630.043738
2630.043866
2630.044004
2630.044124
2630.044374
2630.044509
2630.044818
2630.044983
2630.045144
2630.04527
2630.04545
2630.045576
2630.070513
2630.256671
2630.358556
2630.371413
2630.377692
2630.384401
2630.384451
2630.38735
2630.394571
2630.394924
2630.403474
2630.405046
2630.604506
2630.605192
2630.617148
2630.618151
2630.630956
2630.631848
2630.718064
2630.834501
2630.841448
2630.842066
2630.849783
2630.851155
2631.049528
2631.056355
2631.073703
2631.080802
2631.114828
2631.309537
2631.318714
2631.319123
2631.326513
2631.326537
2631.334115
2631.351332
2631.46767
2631.54854
2631.561113
2631.561605
2631.568038
2631.568085
2631.56897
2631.571068
2631.576877
2631.577106
2631.761575
2631.781546
2631.789148
2631.806187
2631.813941
2631.8431
2632.038583
2632.04611
2632.046963
2632.054179
2632.057278
2632.217594
2632.245587
2632.255578
2632.260747
2632.262878
2632.263148
2632.272439
2632.272476
2632.272728
2632.273535
2632.273555
2632.275699
2632.282677
2632.282969
2632.293606
2632.293903
2632.493605
2632.500174
2632.50108
2632.508007
2632.509643
2632.713615
2632.720446
2632.721425
2632.728352
2632.73038
2632.929614
2632.936778
2632.937356
2632.942499
2632.943813
2633.070747
2633.139635
2633.146513
2633.163677
2633.172341
2633.204798
2633.399636
2633.406549
2633.407
2633.413991
2633.418545
2633.619678
2633.62654
2633.627015
2633.634516
2633.63679
2633.839678
2633.846456
2633.846926
2633.854372
2633.856642
2634.059681
2634.066938
2634.067473
2634.074973
2634.080242
2634.279677
2634.288579
2634.289095
2634.296511
2634.296553
2634.303268
2634.321562
2634.381761
2634.51971
2634.529515
2634.530786
2634.537143
2634.537186
2634.537425
2634.538474
2634.539947
2634.544532
2634.546672
2634.728743
2634.749749
2634.75293
2634.770381
2634.772749
2634.959587
2634.966397
2634.966602
2634.970574
2635.159737
2635.162163
2635.162654
2635.164554
2635.164577
2635.166447
2635.22173
2635.359767
2635.412767
2635.422742
2635.429485
2635.430653
2635.437306
2635.437348
2635.437571
2635.438627
2635.439965
2635.442906
2635.447335
2635.629779
2635.649772
2635.658789
2635.675987
2635.683157
2635.712329
2635.822957
2635.909794
2635.917658
2635.919819
2635.929265
2635.931235
2636.070931
2636.119805
2636.129807
2636.137247
2636.137704
2636.14527
2636.145299
2636.152839
2636.154768
2636.349814
2636.356675
2636.555829
2636.858123
2636.865521
2636.86771
2637.067858
2637.077281
2637.077661
2637.088549
2637.08939
2637.089919
2637.09622
2637.096821
2637.096852
2638.629744
2639.28008
2642.16731
2642.168419
2642.16876
2642.168944
2642.169048
2642.173407
2642.175641
2642.175894
2642.176005
2642.17626
2642.207131
2642.207175
2642.209066
2642.209097
2642.388251
2647.224284
2647.224347
2647.224531
2649.361933
2651.823883
3267.149175
3267.41192
3267.412099
3267.412188
3267.412288
3267.912027
3267.994176
3268.14916
3268.412025
3268.445723
3268.445956
3268.476387
3268.477006
3268.528256
3268.528524
3268.552131
3268.552349
3268.688154
3268.713048
3268.733876
3268.733895
3268.737645
3268.738045
3268.759809
3268.759819
3268.787074
3268.794506
3268.797502
3268.80101
3268.805284
3268.821175
3268.821329
3268.912135
3268.912303
3268.951197
3268.951394
3268.954156
3268.954331
3269.147235
3269.211187
3269.211406
3269.412046
3269.431751
3269.431764
3269.433768
3269.468769
3269.481205
3269.481407
3269.486143
3269.486282
3269.521248
3269.656284
3269.65648
3269.790613
3270.113931
3270.149256
3270.156659
3270.395281
3270.417353
3270.41752
3270.462225
3270.462385
3270.474388
3270.477233
3270.477418
3270.480138
3270.480363
3270.480568
3270.480693
3270.481384
3270.481527
3270.481977
3270.482103
3270.482572
3270.482806
3270.48325
3270.483367
3270.484432
3270.484676
3270.484926
3270.485049
3270.485371
3270.485382
3270.485576
3270.485702
3270.566122
3270.566395
3270.579962
3270.579989
3270.58763
3270.587839
3270.588513
3270.588647
3270.589069
3270.589222
3270.589901
3270.590035
3270.590498
3270.590635
3270.590922
3270.591039
3270.591061
3270.591348
3270.59149
3270.593183
3270.593323
3270.59361
3270.593761
3270.593915
3270.594038
3270.64628
3270.654958
3270.655752
3270.659842
3270.912201
3270.9124
3271.412148
3271.412319
3271.621158
3271.635456
3271.642446
3271.653575
3271.667782
3271.668642
3271.668731
3271.678053
3271.678225
3271.687475
3271.701647
3271.738258
3271.763235
3271.788184
3272.033707
3272.033931
3272.234591
3272.412221
3272.464304
3272.528213
3272.652115
3272.707259
3272.912322
3272.972313
3272.984347
3273.237345
3273.43227
3273.47435
3273.477335
3273.477488
3273.480331
3273.480461
3273.480596
3273.480717
3273.481382
3273.481509
3273.482332
3273.48246
3273.482669
3273.482791
3273.483535
3273.483664
3273.484327
3273.484462
3273.485323
3273.48545
3273.485603
3273.485724
3273.49035
3273.587443
3273.587613
3273.588332
3273.588461
3273.589331
3273.589456
3273.590337
3273.590461
3273.590603
3273.590723
3273.591327
3273.591452
3273.591592
3273.591712
3273.593515
3273.593643
3273.594386
3273.594513
3273.594652
3273.594772
3273.601672
3273.706651
3273.710536
3273.73432
3273.74008
3273.740117
3273.740336
3273.740628
3273.746895
3273.747026
3273.751384
3273.752335
3273.769446
3273.946311
3273.952974
3273.953891
3273.961677
3273.963931
3274.149522
3274.156318
3274.162558
3274.16308
3274.166385
3274.169006
3274.372349
3274.390215
3274.407517
3274.418407
3274.449891
3274.587473
3274.587676
3274.672395
3274.679356
3274.679842
3274.687638
3274.687668
3274.696151
3274.712855
3274.775449
3274.787705
3274.909391
3274.918982
3274.919432
3274.926927
3274.926975
3274.927915
3274.930764
3274.93424
3274.934576
3275.119419
3275.129386
3275.136301
3275.153076
3275.160384
3275.189186
3275.386417
3275.393604
3275.394524
3275.403057
3275.407344
3275.412409
3275.537537
3275.586429
3275.606414
3275.614427
3275.615504
3275.616489
3275.625863
3275.625978
3275.626021
3275.626243
3275.62652
3275.62663
3275.626655
3275.629291
3275.634308
3275.638779
3275.835428
3275.842417
3275.84339
3275.84997
3275.852624
3276.045449
3276.053546
3276.054535
3276.061948
3276.064444
3276.255467
3276.264584
3276.265202
3276.273028
3276.274223
3276.287486
3276.432589
3276.465477
3276.473249
3276.474522
3276.477568
3276.477718
3276.480593
3276.480725
3276.480858
3276.480978
3276.481605
3276.481737
3276.482643
3276.482774
3276.482904
3276.483119
3276.483539
3276.483671
3276.484531
3276.484663
3276.485548
3276.485679
3276.48581
3276.485928
3276.490535
3276.587733
3276.588029
3276.588583
3276.588769
3276.589602
3276.58983
3276.590726
3276.590954
3276.591219
3276.591441
3276.591705
3276.591929
3276.592184
3276.592412
3276.593639
3276.593762
3276.594585
3276.594782
3276.594949
3276.595079
3276.598809
3276.607555
3276.625074
3276.77957
3276.822486
3276.829592
3276.829996
3276.835028
3276.838287
3277.039121
3277.039495
3277.049577
3277.050056
3277.058157
3277.060682
3277.259522
3277.266491
3277.266925
3277.272824
3277.275131
3277.410289
3277.479548
3277.487632
3277.488062
3277.495066
3277.497427
3277.699538
3277.707274
3277.707782
3277.715177
3277.741632
3277.788612
3277.93658
3277.943587
3277.944789
3277.951341
3277.951384
3277.951642
3277.952771
3277.954036
3277.956966
3277.960903
3278.143578
3278.163548
3278.171972
3278.189075
3278.196766
3278.227467
3278.237532
3278.237702
3278.239691
3278.431605
3278.438904
3278.439437
3278.446003
3278.446033
3278.460593
3278.478736
3278.538631
3278.641607
3278.68159
3278.689582
3278.690737
3278.697047
3278.697088
3278.69737
3278.698411
3278.699785
3278.702799
3278.706623
3278.890636
3278.910601
3278.917469
3278.934686
3278.942674
3278.972447
3279.166631
3279.174911
3279.177224
3279.183658
3279.186253
3279.374656
3279.394632
3279.403412
3279.403994
3279.410913
3279.41328
3279.614662
3279.620874
3279.82068
3280.121989
3280.130098
3280.132321
3280.331687
3280.338684
3280.339035
3280.344997
3280.345944
3280.346478
3280.35722
3280.357469
3280.3575
3280.410807
3280.787819
3282.149983
3283.410994
3285.421303
3285.422341
3285.422684
3285.422944
3285.423057
3285.425936
3285.426366
3285.426569
3285.428052
3285.431471
3285.464819
3285.464868
3285.467517
3285.467551
3285.639142
3285.736915
3285.768401
3288.825266
3290.479359
3290.47942
3290.4802
