2.83134
1.480922
2.063234
1.576273
3.759003
6.754731
3.071401
1.867993
4.705709
3.573632
1.809236
2.791717
2.594352
19.543198
11.245758
3.567939
7.082456
7.521443
30.420013
3.616851
4.851597
1.941735
5.45426999999
13.327947
30.373205
3.527446
302.855292
1.669517
1.217021
1.263348
1.549049
3.280385
6.205621
52.169929
1.498789
2.304138
3.104669
89.840319
1.466438
2.598159
2.727828
12.315054
1.29491300001
1.279398
2.745715
2.613442
4.698312
4.519519
85.801153
1.387416
1.24808
1.232323
1.045194
1.439542
1.65130400001
235.419538
230.897244
1.24797
1.497802
3.011202
3.103954
9.160554
3.270447
1.461474
1.772385
1.156617
411.945415
1.653921
1.154451
1.247929
1.757776
3.151477
9.035009
1.966588
2.947198
1.933889
247.806494
1.670482
1.325933
1.248059
1.86857100001
3.026667
560.326301
1.653815
1.388812
1.247638
1.904055
3.104398
6.25775600001
3.133655
2.893539
2.132212
1.285153
182.412497
1.638609
1.435329
1.539156
2.34601199999
9.048005
1.29486
49.033124
1.453621
1.365952
2.324195
19.598442
1.278418
3.042024
3.229107
1.002431
7.940957
3.23256
1.30801
1.9946
217.075713
1.20149499999
1.154163
2.355557
1.045377
1.031877
1.279545
1.87854699999
1.9555
1.542959
2.418011
1.013932
2.480465
11.544164
2.340357
2.307517
1.46630499999
1.482275
3.092486
73.17842
62.61891
1.66934
1.341394
1.247732
2.200419
3.213414
9.344551
1.22194
1.759807
3.293597
16.503036
1.753727
3.494477
3.15104
9.360211
2.372262
3.985109
5.869616
430.602762
