3.942829
3.340059
2.40797299999
5.010677
4.054291
7.056458
7.744984
4.529401
4.094612
10.014925
8.034127
3.122015
3.01160100001
10.019134
7.246622
4.990544
4.224014
4.833339
5.116105
8.654186
4.899539
4.251198
9.97852700001
3.957437
5.067211
4.917917
4.372575
9.870292
9.32522
4.80996
4.471415
9.779126
9.52805
4.634452
3.910692
9.67456000001
9.663578
4.331734
4.66748500001
8.353251
8.734415
4.043551
3.750634
4.611308
4.899459
8.821582
3.772822
3.848386
9.438046
2.831471
6.044157
3.471801
3.916317
9.368408
8.991922
2.00012
2.162968
5.82562
3.423035
9.118163
2.443957
3.273854
9.158642
9.20116
2.128801
4.233025
4.509977
4.543117
9.316524
2.310783
4.326027
8.965467
3.216139
6.158463
2.035489
4.453364
8.846586
9.518871
2.07518399999
4.552698
5.736829
9.606952
2.285409
3.16240099999
8.610216
9.686817
2.503959
4.721342
4.893839
3.737707
9.797905
2.707598
4.846484
8.538817
3.111263
6.823241
2.866599
4.961068
8.427606
10.039135
3.05102799999
5.085371
8.294974
10.055276
3.223555
3.040991
2.144667
8.185757
10.01693
3.117885
5.28752000001
4.72278
3.351974
10.022309
3.059784
5.335073
8.036204
2.607191
7.416169
2.976161
2.000136
3.112366
4.839131
8.986204
2.854996
2.083937
3.050754
7.776134
2.509557
2.994929
4.50064000001
2.746956
4.501729
7.697603
10.049092
2.300055
5.952865
4.78758700001
2.45631
10.048817
2.168131
5.7852
7.114921
8.425346
2.05946
5.619269
7.010594
4.967095
5.053337
5.427575
6.913589
10.044461
5.242206
6.784777
10.035199
3.191714
5.13513
10.031091
5.176785
4.66471300001
2.09220899999
4.79283
2.195146
4.978649
6.135097
2.208987
9.039495
2.459319
4.781827
2.059052
2.24235499999
4.878537
5.157626
2.70028200001
2.908381
6.034413
2.373185
2.016219
8.005226
3.017491
4.435792
4.63133
2.478881
10.030741
3.317767
4.222009
2.00011099999
2.202029
2.409721
5.583137
4.466121
3.61118699999
4.05396300001
4.228113
2.695718
4.83147400001
5.218846
3.903377
3.906696
3.31496
2.257934
2.852809
10.050927
2.501029
3.718202
5.472287
2.954822
10.047621
4.483108
3.572273
4.909268
3.062103
10.039676
4.80183
3.352171
5.22556
2.933472
10.015492
5.118717
3.14060399999
5.133405
3.293445
4.604964
5.393267
5.414902
2.93090699999
5.051909
3.372417
10.024293
3.368219
2.753986
4.948512
2.364104
5.28778100001
2.835734
4.560127
3.838367
9.52308799999
6.260935
2.65731
4.446201
3.259259
9.452304
6.570273
2.438039
4.375424
4.084766
4.627357
4.638875
6.871018
2.305331
4.214913
4.220834
9.180056
3.127998
3.948168
2.143381
4.101889
4.265276
9.083845
7.384877
4.026554
2.000174
2.354293
6.66716
7.675457
3.930741
2.373912
8.88584
7.969522
3.793897
2.667084
4.891712
3.837341
8.213129
2.183521
4.749197
8.641237
3.014549
4.620511
3.57862
4.869509
8.530346
8.870408
3.44542
5.005815
8.407142
9.115554
3.354204
2.944129
2.126317
8.329353
9.332915
3.283147
5.166314
4.74202
3.48042
9.51251499999
3.171884
5.26871
8.158599
3.093602
6.61266
3.11194
5.335312
8.103204
9.96051300001
3.065239
5.06813
8.019776
10.026421
2.869414
4.730419
7.93185
10.043196
2.608631
5.55318800001
4.630894
3.158477
10.018905
2.30568899999
5.615032
7.742325
2.499601
6.936861
2.026614
5.730535
2.000092
4.000293
5.494112
4.552418
5.202726
6.108203
10.049501
4.605638
3.304537
4.149093
10.010581
5.991574
4.58222
2.79925
10.024493
6.05431199999
7.329835
8.056063
6.11956899999
7.268396
10.041841
5.195771
7.205615
10.00971
2.041197
4.971962
7.13132399999
10.026917
2.06824
6.369055
4.551675
2.476646
7.126619
2.009119
6.461439
6.95686100001
7.945945
6.526912
6.901836
10.047329
5.246315
6.814649
10.035206
4.761359
6.71797
10.012278
6.751969
6.612393
2.932332
7.069229
6.61972
6.026984
3.007866
7.027781
5.217886
6.45664800001
10.033716
6.246102
4.626564
10.043342
6.09353699999
6.225659
2.150399
9.103466
5.948049
6.103476
2.814586
5.09891399999
5.766175
5.995067
2.395545
9.211239
5.60379299999
5.92371
2.52176
4.495816
5.501849
2.17847
5.403998
5.848697
2.615744
10.048817
2.47977
5.214351
5.720133
2.732622
10.026902
2.763371
5.04556899999
4.64296
2.852979
10.045302
3.054772
4.905781
5.466717
2.279964
10.050664
3.336587
4.71129000001
5.455755
3.082884
4.815461
5.197246
3.617764
4.508459
5.381969
2.312457
10.017023
2.870471
4.314446
5.30527
3.228114
10.042067
4.161534
4.121575
4.541566
3.328877
2.000098
4.45396699999
3.859302
5.111452
3.01949999999
2.085067
7.960167
4.712254
3.798496
4.982067
3.540288
3.93203
5.231119
4.988411
2.254036
4.87179999999
3.665337
9.844825
3.223397
2.034899
3.485859
4.739861
3.801433
9.700067
5.525196
2.645675
2.320204
2.313725
3.878143
9.641669
5.103081
2.33877
4.585424
3.152965
9.585719
6.032305
2.992497
4.49378
4.059706
4.548479
4.883673
6.30471
2.795587
4.421992
4.14315800001
9.374216
3.092429
3.456045
2.642576
4.333983
4.232672
9.307818
6.82338
2.47176399999
4.245725
4.314615
3.028631
6.134253
7.099337
2.277235
4.188304
2.801606
9.15893500001
7.36602
2.102161
4.120559
4.505945
4.988597
4.076029
7.640312
4.026633
4.598722
8.989932
3.462307
4.468892
3.942203
4.702989
6.475137
3.178263
5.042012
2.44488
4.781795
7.372903
8.499286
3.773663
3.367436
8.752223
8.744664
3.690885
4.916193
4.921234
3.727898
9.045725
3.59322
5.360395
8.24615599999
2.94523
5.988761
3.182984
5.449922
8.150195
8.970954
5.079656
4.652114
9.41986
3.029067
2.537039
3.002099
7.999063
9.58469
2.906386
5.722488
4.923877
