0.000265999995463
0.0047659999982
0.150351999997
0.156557999995
1.410439
1.421464
3.77570999999
4.899601
4.911096
8.662112
8.66304699999
8.663389
8.663587
8.663688
8.665155
8.667993
8.668187
8.668403
8.671641
8.695322
8.69536
8.699567
8.699601
9.857266
13.711034
13.711098
13.711278
206.675341
206.675366
206.706327
206.900168
206.900344
206.900434
206.900538
207.400233
207.636579
207.706405
207.900229
207.919758
207.920085
207.959795
207.960228
208.010519
208.010809
208.040353
208.040596
208.056554
208.056574
208.060781
208.065914
208.073519
208.175032
208.201281
208.226714
208.30344
208.303697
208.400349
208.400511
208.433491
208.433681
208.436413
208.436558
208.530554
208.579172
208.579187
208.583148
208.69367
208.693859
208.856793
208.900277
209.032479
209.032681
209.04169
209.042964
209.043117
209.049063
209.049199
209.13857
209.138822
209.178985
209.502765
209.582523
209.583706
209.583848
209.599098
209.706498
209.907791
209.907976
209.926675
209.926863
209.959753
209.971468
209.971674
209.972106
209.972291
209.972628
209.97277
209.973047
209.973177
209.973652
209.973775
209.974056
209.974181
209.974799
209.974995
209.97521
209.975366
209.97558
209.975711
209.976047
209.976258
209.977707
210.027467
210.027708
210.041819
210.042041
210.042212
210.042372
210.042689
210.042822
210.043013
210.043136
210.043309
210.043465
210.043607
210.043729
210.043897
210.04402
210.044479
210.044649
210.04502
210.045146
210.045399
210.045527
210.081971
210.082319
210.086993
210.087201
210.088241
210.096376
210.212918
210.226445
210.240353
210.240663
210.240786
210.253262
210.267244
210.267362
210.277738
210.400466
210.400641
210.433032
210.433393
210.433692
210.448393
210.448556
210.458731
210.46048
210.477538
210.484026
210.522061
210.649639
210.692929
210.707089
210.714648
210.727698
210.741854
210.742269
210.742392
210.751754
210.751897
210.761291
210.775404
210.9004
210.900578
211.226802
211.251472
211.276457
211.58461
211.584841
211.784885
211.900461
211.955502
212.018578
212.13091
212.193565
212.206357
212.211378
212.21778
212.217858
212.220454
212.227707
212.228203
212.237644
212.238313
212.400554
212.437477
212.444112
212.445005
212.451907
212.454362
212.457586
212.534647
212.56525
212.657551
212.664615
212.665626
212.672519
212.674429
212.723652
212.877538
212.884727
212.9019
212.908901
212.942469
212.959684
212.971663
212.971828
212.972709
212.972836
212.972985
212.973119
212.973271
212.973397
212.973584
212.973709
212.973869
212.973994
212.974648
212.974809
212.975602
212.975734
212.975866
212.975984
212.976593
212.976723
212.977559
212.988589
213.0421
213.042301
213.042688
213.04283
213.042983
213.043108
213.04327
213.043395
213.043602
213.043728
213.043883
213.044137
213.044393
213.04454
213.044737
213.044873
213.045032
213.045225
213.045581
213.045727
213.10062
213.147614
213.200167
213.204586
213.228773
213.235941
213.236001
213.242881
213.247272
213.25176
213.260887
213.284599
213.457554
213.465304
213.46572
213.471962
213.471995
213.472843
213.474575
213.481103
213.481341
213.667595
213.675552
213.683284
213.700366
213.704255
213.706765
213.735047
213.935584
213.943059
213.944187
213.951675
213.954728
214.136709
214.136945
214.14258
214.158609
214.165678
214.16725
214.168418
214.178373
214.178513
214.178554
214.179326
214.179349
214.181446
214.188765
214.189173
214.198052
214.199499
214.315694
214.337143
214.398615
214.407398
214.407415
214.411476
214.412244
214.415097
214.415121
214.417092
214.420036
214.592633
214.618631
214.627017
214.6293
214.635899
214.638051
214.838622
214.848028
214.84868
214.855882
214.857197
214.899639
215.058643
215.06675
215.086757
215.091964
215.097239
215.128625
215.331666
215.338428
215.338901
215.346331
215.348733
215.551687
215.559176
215.56011
215.567109
215.569607
215.7717
215.778636
215.779037
215.787451
215.787525
215.794934
215.796936
215.836723
215.923715
215.923736
215.959825
215.972401
215.974329
215.974905
215.975249
215.975602
215.975997
215.976345
215.976636
215.976881
215.977024
215.977247
215.977539
215.97809
215.978386
215.978704
215.978979
215.979111
215.97991
215.980038
215.980361
215.980495
216.001692
216.041928
216.042128
216.043251
216.043384
216.043524
216.043763
216.043905
216.044035
216.044486
216.044623
216.044832
216.04498
216.045145
216.045427
216.045564
216.045781
216.045931
216.046098
216.046234
216.04637
216.106552
216.106997
216.190792
216.232271
216.234593
216.327825
216.435751
216.443026
216.443605
216.448172
216.473314
216.588489
216.672757
216.679999
216.681445
216.687572
216.687673
216.690327
216.697909
216.699122
216.708099
216.708369
216.877783
216.909756
216.919026
216.936622
216.943734
216.973244
216.984563
216.984914
216.986888
216.99434
217.179788
217.186436
217.187051
217.194389
217.211274
217.337859
217.389781
217.410777
217.42094
217.422755
217.430127
217.430242
217.43286
217.440038
217.441269
217.448857
217.449991
217.621838
217.651805
217.657527
217.675621
217.684959
217.713202
217.92181
217.92893
217.93109
217.938354
217.938403
217.946153
217.948232
218.087928
218.128847
218.14883
218.15479
218.15534
218.16242
218.163352
218.368852
218.372096
218.568875
218.873154
218.880751
218.883046
219.082889
219.090879
219.091273
219.098425
219.098674
219.099224
219.106017
219.106627
219.10666
219.994062
220.341004
221.707163
222.727539
222.994254
224.610419
225.218322
226.520633
226.523468
226.523842
226.524027
226.524135
226.525498
226.53027
226.538096
226.538321
226.538462
226.554588
226.55463
226.559238
226.559261
226.70958
226.713578
226.723443
226.725364
226.73918
226.751787
227.300098
227.314323
227.320068
227.334654
227.348493
227.348787
227.348874
227.369238
227.38327
227.383435
227.393668
227.533278
227.539736
227.539952
227.553557
227.55373
227.562179
227.565142
227.581977
227.58211
227.592931
227.593686
227.619755
227.757241
227.78261
227.806258
227.909892
227.919213
227.939994
228.043701
228.044073
228.04416
228.053718
228.198759
228.342832
228.349565
228.349654
228.453329
228.459878
228.467126
228.4698
228.573464
228.581309
228.587397
228.696641
228.696763
228.705502
228.705695
228.730792
228.737985
228.841572
228.841709
228.850478
231.584332
231.584392
231.584677
812.209504
812.399837
812.399992
812.400081
812.40018
812.899938
813.04167
813.193455
813.193483
813.204848
813.207514
813.209115
813.213826
813.399895
813.419478
813.419696
813.458214
813.458546
813.508188
813.508453
813.544035
813.544296
813.604875
813.679159
813.706111
813.734042
813.736993
813.737011
813.741297
813.801088
813.801268
813.900035
813.900213
813.931038
813.931207
813.931366
813.934081
813.93424
814.141385
814.193021
814.193261
814.399965
814.527158
814.527386
814.585082
814.636306
814.636565
814.745484
814.786353
814.786531
814.80146
815.144369
815.145607
815.145785
815.163239
815.209196
815.405968
815.406329
815.425903
815.426061
815.452386
815.453022
815.453159
815.453667
815.453791
815.457785
815.457933
815.459687
815.460263
815.461857
815.462018
815.462444
815.462639
815.463463
815.463589
815.464507
815.464634
815.464918
815.465424
815.465638
815.465769
815.46825
815.527083
815.527297
815.532334
815.532498
815.532645
815.532774
815.532932
815.533084
815.533366
815.533501
815.533757
815.533881
815.534018
815.53414
815.534278
815.534399
815.534572
815.5347
815.535198
815.535323
815.535653
815.535799
815.536177
815.562476
815.580277
815.691604
815.836531
815.850721
815.859123
815.875886
815.889872
815.89034
815.890425
815.900086
815.900204
815.902931
815.903041
815.913928
815.928211
816.256858
816.271107
816.283382
816.294851
816.308681
816.309016
816.309138
816.326125
816.340076
816.340201
816.349506
816.400106
816.488266
816.488407
816.488642
816.502207
816.503668
816.511829
816.515694
816.541645
816.548997
816.569774
816.678954
816.67926
816.679576
816.734248
816.759144
816.784127
816.900157
817.079313
817.079534
817.279537
817.400125
817.45474
817.539212
817.664064
817.757255
817.771526
817.776785
817.784969
817.785017
817.788305
817.795307
817.796094
817.804805
817.810065
817.900226
817.960291
817.966916
818.011172
818.024528
818.02554
818.029306
818.033251
818.036318
818.225258
818.241177
818.248997
818.249587
818.256443
818.258844
818.400184
818.452347
818.453303
818.453516
818.453685
818.453815
818.458317
818.458489
818.460314
818.460486
818.461191
818.462312
818.462483
818.462631
818.462754
818.463341
818.463523
818.464315
818.464484
818.465333
818.465481
818.465635
818.465755
818.468258
818.478287
818.504157
818.521506
818.532377
818.532553
818.532698
818.532819
818.533282
818.533408
818.533544
818.533662
818.533797
818.533916
818.534289
818.534414
818.534562
818.534687
818.53484
818.534963
818.53529
818.535423
818.535566
818.53569
818.567333
818.590259
818.597577
818.740322
818.77925
818.801212
818.816231
818.816671
818.829545
818.846742
819.051244
819.055948
819.056398
819.060549
819.060595
819.061546
819.063508
819.067287
819.067495
819.209446
819.261245
819.267246
819.278883
819.295694
819.302754
819.332784
819.531481
819.537251
819.54487
819.545758
819.552871
819.55603
819.744295
819.754363
819.758274
819.769279
819.769871
819.771742
819.780595
819.780918
819.780959
819.781183
819.781479
819.781696
819.781715
819.784234
819.789131
819.790414
819.793814
820.000313
820.005737
820.064714
820.281457
820.400329
820.900332
821.020196
821.031387
821.452541
821.453493
821.453647
821.453831
821.453969
821.458476
821.45865
821.460482
821.460665
821.465911
821.466102
821.466243
821.466386
821.466535
821.466659
821.466852
821.467004
821.467162
821.46729
821.467478
821.467624
821.468424
821.534867
821.535128
821.535281
821.535437
821.535585
821.535706
821.535848
821.535969
821.536127
821.536261
821.536456
821.536586
821.53675
821.536875
821.53703
821.537181
821.537362
821.537485
821.537645
821.537773
821.604061
821.845472
821.883485
821.883629
821.900373
822.083794
822.463306
822.83359
823.175741
823.231273
823.583563
823.900503
824.189888
824.900553
825.46378
825.856714
826.341858
826.364164
826.89966
827.19519
827.209888
827.89973
828.463965
828.811209
829.475029
829.492288
829.523694
829.816304
830.138861
830.399871
830.465189
830.636016
830.788038
831.121518
831.12246
831.122474
831.128206
831.549376
831.644966
831.644991
831.648835
831.650201
831.650303
831.751322
831.765648
831.772155
831.783329
831.78987
831.797554
831.798541
831.798657
831.812292
831.812563
831.818961
831.832842
831.870945
832.045675
832.130547
832.1557
832.179488
832.193897
832.246242
832.283483
832.294158
832.308307
832.322375
832.350002
832.363045
832.426472
832.426798
832.426918
832.439784
832.517427
832.563367
832.635204
832.687419
832.688628
832.693552
832.693573
832.700153
832.712735
832.714239
832.723006
832.746229
832.760028
832.76034
832.760429
832.771188
832.785119
832.785271
832.799011
832.856609
832.861174
832.940581
832.940801
832.943449
832.954666
832.95724
832.965203
832.965706
832.969177
832.97453
832.9836
832.988391
832.988764
833.023573
833.092439
833.103543
833.111223
833.214581
833.221147
833.221278
833.255602
833.263113
833.367073
833.367211
833.375799
833.573864
833.578303
833.664618
833.861203
834.226519
834.565477
834.795122
835.522525
835.795213
836.365264
836.795252
837.430448
837.445457
837.445596
837.461283
837.474282
837.481248
837.496953
837.510082
837.510601
837.51071
837.51097
837.511086
837.521877
837.522069
837.535012
837.535139
837.535315
837.535403
837.535514
837.535857
837.538084
837.54048
837.540716
837.543369
837.553539
837.553654
837.553855
837.553943
837.554026
837.565537
837.56569
837.565868
837.764175
837.795306
837.885644
837.885794
837.899744
837.913895
837.921267
837.922667
837.925374
837.937405
837.951733
837.951905
837.952071
837.95218
837.952268
837.962599
837.962738
837.962903
838.013028
838.013421
838.013681
838.035692
838.035849
838.044852
838.048203
838.049465
838.049647
838.063844
838.103658
838.114302
838.203027
838.211052
838.79539
839.619295
839.795429
839.964734
840.795485
841.795544
842.40057
842.795604
843.210839
843.309356
843.399613
843.795669
844.399679
844.795712
847.165674
847.622177
847.899876
848.899953
849.864148
851.876223
853.180359
853.244421
859.111955
1421.644508
1421.644527
1421.655231
1421.702883
1421.788129
1421.899728
1421.899889
1421.899983
1421.900079
1422.053951
1422.053971
1422.055805
1422.263303
1422.399772
1422.406731
1422.510835
1422.510982
1422.521257
1422.521679
1422.583788
1422.689178
1422.703545
1422.816821
1422.899781
1422.919159
1422.937259
1422.937478
1422.983923
1422.984481
1423.038041
1423.038308
1423.039868
1423.040015
1423.058487
1423.196928
1423.221876
1423.239469
1423.246883
1423.331017
1423.331204
1423.399931
1423.400112
1423.460966
1423.461171
1423.463944
1423.464076
1423.721117
1423.721409
1423.824843
1423.839588
1423.839741
1423.853337
1423.899844
1424.000995
1424.001229
1424.166035
1424.166221
1424.704089
1424.766915
1424.812561
1424.819852
1424.823243
1424.883719
1424.905878
1424.906054
1424.93169
1424.931854
1424.935575
1424.93968
1424.956769
1424.957008
1424.957242
1424.957372
1424.959266
1424.959409
1424.959624
1424.959767
1424.960091
1424.96141
1424.965954
1424.96611
1424.983883
1424.984383
1424.984622
1424.984757
1424.985057
1424.9855
1424.986293
1424.986419
1425.032039
1425.032285
1425.070568
1425.070765
1425.070906
1425.071028
1425.071225
1425.071363
1425.071533
1425.071655
1425.071793
1425.071946
1425.072099
1425.072225
1425.072377
1425.0725
1425.072682
1425.072805
1425.073018
1425.073143
1425.073298
1425.073422
1425.109775
1425.114655
1425.114851
1425.115214
1425.400029
1425.400224
1425.899957
1425.900124
1425.925526
1425.925548
1425.928182
1425.942394
1425.95605
1425.964905
1425.978617
1425.97913
1425.979223
1425.992445
1426.006636
1426.0068
1426.01633
1426.016846
1426.082077
1426.083302
1426.083457
1426.096067
1426.110213
1426.113534
1426.124477
1426.13861
1426.139018
1426.139106
1426.144632
1426.144838
1426.150012
1426.1609
1426.164163
1426.220544
1426.220921
1426.221076
1426.235846
1426.236012
1426.247048
1426.247262
1426.247494
1426.272043
1426.274858
1426.282908
1426.297046
1426.302027
1426.487016
1426.487037
1426.553172
1426.553353
1426.753449
1426.900029
1426.953774
1427.146204
1427.22526
1427.336129
1427.348429
1427.356769
1427.361921
1427.361964
1427.362199
1427.36253
1427.364543
1427.367663
1427.373426
1427.400116
1427.456119
1427.503171
1427.575081
1427.583689
1427.590023
1427.597966
1427.600443
1427.724405
1427.845081
1427.854087
1427.854657
1427.862005
1427.86338
1427.936205
1427.940102
1427.957213
1427.957384
1427.959152
1427.959284
1427.959421
1427.959547
1427.959684
1427.959806
1427.96129
1427.961424
1427.966148
1427.966279
1427.971126
1427.984153
1427.984288
1427.984447
1427.984569
1427.986138
1427.986265
1427.986403
1427.986524
1428.070213
1428.070374
1428.071145
1428.071268
1428.071412
1428.071531
1428.07167
1428.071795
1428.07215
1428.072275
1428.072411
1428.072531
1428.072666
1428.072785
1428.072923
1428.073043
1428.073216
1428.073339
1428.073498
1428.073622
1428.145128
1428.160173
1428.179082
1428.196749
1428.205482
1428.226975
1428.238614
1428.253147
1428.267218
1428.44514
1428.451716
1428.452127
1428.461153
1428.474558
1428.704301
1428.745137
1428.757329
1428.757749
1428.764047
1428.764081
1428.764914
1428.768226
1428.769662
1428.774453
1428.95715
1429.057173
1429.067749
1429.085173
1429.092361
1429.106253
1429.106432
1429.121952
1429.281252
1429.306531
1429.357169
1429.366953
1429.368307
1429.375635
1429.378758
1429.657207
1429.657335
1429.674171
1429.674883
1429.677012
1429.685121
1429.685319
1429.685356
1429.686
1429.686022
1429.689196
1429.695413
1429.695921
1429.704697
1429.706153
1429.900203
1429.957205
1429.964152
1429.965004
1429.972053
1429.974261
1430.056308
1430.228913
1430.25723
1430.264621
1430.265562
1430.274401
1430.274823
1430.55728
1430.563825
1430.564624
1430.569116
1430.572566
1430.806348
1430.857281
1430.868522
1430.885842
1430.892986
1430.925532
1430.963351
1430.963642
1430.963858
1430.964012
1430.964148
1430.964289
1430.964421
1430.964539
1430.964689
1430.964807
1430.964936
1430.965054
1430.967662
1430.967797
1430.984418
1430.984598
1430.98476
1430.984888
1430.986311
1430.986438
1430.986573
1430.986692
1431.070545
1431.070741
1431.071338
1431.071546
1431.071683
1431.071838
1431.072038
1431.072179
1431.072504
1431.072642
1431.072812
1431.072933
1431.073074
1431.073194
1431.073621
1431.073747
1431.073889
1431.07401
1431.074147
1431.074287
1431.157287
1431.176352
1431.192862
1431.193239
1431.200308
1431.200333
1431.20951
1431.211407
1431.294359
1431.338594
1431.346351
1431.351577
1431.36042
1431.45731
1431.466147
1431.46654
1431.472861
1431.472886
1431.475354
1431.476664
1431.557823
1431.675327
1431.682546
1431.682922
1431.689202
1431.689231
1431.695525
1431.697542
1431.895337
1431.902036
1431.902466
1431.909959
1431.912264
1431.937266
1432.121348
1432.130284
1432.13083
1432.14092
1432.154541
1432.307467
1432.361361
1432.37036
1432.371581
1432.377979
1432.37801
1432.378216
1432.379289
1432.380622
1432.383668
1432.388252
1432.570375
1432.590373
1432.597801
1432.615155
1432.622139
1432.6515
1432.662506
1432.662711
1432.66804
1432.847392
1432.854221
1432.854766
1432.861256
1432.861288
1432.870567
1432.8872
1433.057445
1433.057656
1433.090417
1433.099062
1433.100242
1433.106735
1433.106775
1433.107045
1433.108121
1433.111341
1433.114338
1433.116649
1433.299434
1433.319409
1433.325874
1433.343154
1433.35089
1433.37981
1433.575408
1433.582332
1433.785462
1433.926497
1433.93455
1433.934707
1434.139445
1434.147996
1434.148554
1434.171601
1434.173443
1434.379471
1434.386265
1434.585503
1434.887808
1434.897821
1434.897977
1434.937626
1435.060188
1435.097509
1435.106264
1435.106719
1435.113367
1435.116537
1435.116987
1435.123331
1435.124612
1435.124645
1435.306646
1436.7048
1437.937811
1438.257774
1440.196603
1440.197551
1440.197895
1440.198091
1440.198197
1440.202001
1440.202903
1440.205105
1440.205267
1440.2054
1440.207365
1440.23074
1440.230811
1440.233616
1440.233682
1441.566892
1441.570172
1441.580694
1441.582986
1441.596721
1441.606952
1442.15923
1442.173277
1442.178981
1442.194975
1442.208772
1442.209201
1442.209323
1442.221914
1442.235872
1442.235998
1442.246436
1442.382509
1442.382822
1442.383029
1442.397719
1442.397861
1442.406725
1442.409691
1442.434583
1442.434712
1442.444572
1442.445259
1442.463883
1442.613341
1442.638504
1442.638669
1442.664131
1442.730607
1442.770098
1442.779222
1442.803071
1442.836294
1442.843595
1442.908982
1442.909358
1442.909479
1442.920465
1443.062767
1443.20908
1443.216062
1443.31809
1443.322068
1443.326749
1443.332172
1443.334575
1443.440582
1443.448486
1443.455465
1443.60208
1443.60895
1443.714897
1443.715047
1443.726795
1445.265858
1445.265934
1445.266622
1996.972876
1997.399683
1997.399856
1997.399947
1997.400051
1997.721358
1997.899772
1997.972927
1998.091658
1998.09168
1998.094871
1998.107406
1998.107416
1998.112133
1998.124176
1998.399764
1998.414723
1998.41493
1998.487369
1998.48836
1998.488803
1998.515836
1998.516044
1998.538965
1998.539203
1998.651137
1998.651159
1998.653015
1998.697884
1998.722819
1998.747841
1998.81319
1998.831918
1998.832093
1998.899869
1998.900038
1998.964055
1998.96449
1998.964912
1998.965044
1999.000927
1999.142196
1999.221972
1999.222179
1999.295015
1999.295344
1999.399793
1999.460823
1999.656879
1999.666983
1999.66718
1999.973034
2000.002896
2000.234011
2000.405609
2000.40577
2000.425031
2000.425199
2000.438805
2000.462716
2000.462972
2000.463471
2000.463607
2000.463831
2000.46412
2000.464646
2000.46476
2000.465147
2000.46528
2000.465478
2000.465614
2000.465875
2000.466011
2000.466209
2000.466342
2000.46654
2000.466677
2000.466894
2000.467036
2000.527021
2000.527265
2000.577007
2000.577298
2000.577465
2000.577595
2000.577741
2000.577873
2000.578154
2000.578281
2000.57843
2000.578661
2000.578925
2000.57905
2000.579346
2000.579487
2000.579808
2000.58001
2000.580209
2000.580336
2000.580646
2000.580771
2000.617019
2000.622009
2000.622577
2000.622675
2000.899959
2000.900148
2000.908413
2001.399914
2001.400076
2001.748027
2001.772962
2001.797986
2001.84705
2001.847246
2002.047363
2002.400052
2002.450298
2002.51558
2002.572933
2002.649054
2002.668501
2002.723228
2002.723373
2002.737539
2002.751629
2002.758243
2002.773356
2002.787624
2002.788044
2002.788133
2002.796869
2002.797105
2002.7972
2002.807637
2002.821767
2002.900081
2002.941915
2002.948316
2002.95603
2002.956074
2002.956216
2002.956602
2002.958815
2002.959057
2002.963036
2002.972012
2003.014857
2003.016033
2003.030648
2003.046303
2003.052986
2003.070763
2003.085457
2003.085891
2003.086019
2003.095441
2003.110776
2003.110907
2003.121065
2003.172064
2003.175865
2003.17682
2003.178665
2003.184385
2003.225104
2003.234159
2003.263606
2003.263965
2003.264251
2003.278446
2003.280014
2003.288255
2003.290725
2003.34556
2003.392049
2003.399297
2003.399852
2003.406876
2003.408347
2003.440154
2003.451832
2003.460535
2003.463139
2003.463285
2003.463416
2003.463534
2003.464121
2003.464251
2003.465124
2003.465249
2003.465391
2003.465512
2003.465658
2003.465777
2003.466117
2003.466239
2003.466375
2003.466493
2003.466624
2003.466741
2003.495434
2003.495621
2003.496131
2003.522644
2003.536789
2003.547079
2003.582235
2003.582417
2003.582565
2003.582684
2003.582821
2003.583006
2003.583177
2003.583408
2003.583533
2003.583657
2003.5838
2003.583923
2003.584063
2003.584183
2003.584324
2003.584451
2003.584587
2003.584707
2003.584843
2003.584964
2003.588063
2003.597235
2003.602145
2003.612037
2003.61357
2003.613896
2003.613984
2003.702647
2003.702811
2003.71675
2003.716872
2003.720199
2003.727477
2003.728089
2003.733227
2003.761113
2003.76362
2003.770391
2003.772133
2003.797157
2003.900736
2003.901103
2003.901375
2003.916086
2003.916247
2003.926057
2003.928088
2003.929
2003.942769
2003.960354
2003.960486
2003.969907
2003.972102
2003.973276
2003.975304
2003.975738
2003.978718
2004.008651
2004.147585
2004.148483
2004.162313
2004.180884
2004.181048
2004.181139
2004.190653
2004.197278
2004.204454
2004.206394
2004.212109
2004.214068
2004.214527
2004.216297
2004.216327
2004.217259
2004.218428
2004.221443
2004.224779
2004.403232
2004.403458
2004.42213
2004.424113
2004.426152
2004.443349
2004.447198
2004.511913
2004.603474
2004.704141
2004.709735
2004.710598
2004.715348
2004.724038
2004.816222
2004.90915
2004.929137
2004.932145
2004.932161
2004.934155
2004.934831
2004.936777
2004.938579
2004.938726
2004.938748
2004.93906
2004.939086
2004.939277
2004.939545
2004.943948
2004.944178
2004.950021
2005.102976
2005.146164
2005.150304
2005.151148
2005.160887
2005.163008
2005.353263
2005.36614
2005.371508
2005.372409
2005.378253
2005.384891
2005.400179
2005.430502
2005.430518
2005.572299
2005.586161
2005.591158
2005.612443
2005.613093
2005.61791
2005.619153
2005.821187
2005.827723
2005.845228
2005.850496
2005.888464
2006.087195
2006.092282
2006.092722
2006.097396
2006.099258
2006.103233
2006.234335
2006.302233
2006.309771
2006.310233
2006.316328
2006.316365
2006.319934
2006.32584
2006.44034
2006.463359
2006.463526
2006.463685
2006.463815
2006.464377
2006.464536
2006.465356
2006.465553
2006.46571
2006.465828
2006.465978
2006.466095
2006.466296
2006.466419
2006.466585
2006.466709
2006.466853
2006.466976
2006.495322
2006.49546
2006.529227
2006.582407
2006.582562
2006.582717
2006.582842
2006.583381
2006.583547
2006.583707
2006.583833
2006.583986
2006.58411
2006.584264
2006.584382
2006.584579
2006.584705
2006.584856
2006.58498
2006.585129
2006.585285
2006.5855
2006.585624
2006.607043
2006.607451
2006.625325
2006.728226
2006.728278
2006.731154
2006.734347
2006.830313
2006.854844
2006.939275
2006.943893
2006.944334
2006.94902
2006.951791
2006.957697
2007.143288
2007.151861
2007.15231
2007.157576
2007.157604
2007.162126
2007.178168
2007.24793
2007.381285
2007.386992
2007.388098
2007.394798
2007.394828
2007.395022
2007.39608
2007.398274
2007.400969
2007.404618
2007.586297
2007.60439
2007.606284
2007.614388
2007.632364
2007.639526
2007.674111
2007.685967
2007.686138
2007.688857
2007.873323
2007.88474
2007.885314
2007.892201
2007.913438
2008.083339
2008.113317
2008.11819
2008.119337
2008.130139
2008.130169
2008.139423
2008.140547
2008.145198
2008.152796
2008.153163
2008.313326
2008.354352
2008.359314
2008.36623
2008.384153
2008.399546
2008.423967
2008.63936
2008.644047
2008.64613
2008.651294
2008.658826
2008.849344
2008.855355
2008.862055
2008.862724
2008.866442
2008.867064
2009.065351
2009.071589
2009.26537
2009.572662
2009.579061
2009.585452
2009.789416
2009.794412
2009.79476
2009.798823
2009.799427
2009.799811
2009.804987
2009.805626
2009.805648
2010.247581
2010.84061
2011.049964
2011.973739
2013.247713
2014.99754
2015.657927
2016.748979
2016.753651
2016.762579
2016.766432
2016.779915
2016.785545
2016.792236
2016.817439
2016.817626
2016.840477
2016.934371
2016.945728
2016.950782
2016.977253
2017.043031
2017.048219
2017.082475
2017.082815
2017.082935
2017.096712
2017.342265
2017.356446
2017.361084
2017.370287
2017.375046
2017.384117
2017.384413
2017.384504
2017.391114
2017.405107
2017.405253
2017.418293
2017.423034
2017.520393
2017.522748
2017.576389
2017.581075
2017.581258
2017.594877
2017.595048
2017.602144
2017.605446
2017.627921
2017.630879
2017.631003
2017.632862
2017.643629
2017.644126
2017.644377
2017.648431
2017.65967
2017.729429
2017.729688
2017.73404
2017.753784
2017.759846
2017.767333
2017.873843
2017.873998
2017.884577
2017.894233
2017.912304
2017.921726
2018.026943
2018.027094
2018.034931
2018.84904
2022.89022
2022.913138
2023.650261
2023.661791
2027.744464
2027.744687
2027.756412
2027.974657
2031.04896
2032.399707
2032.418648
2033.554255
2033.557723
2033.568078
2033.571441
2033.588081
2033.588273
2034.694135
2034.705094
2034.706753
2034.707097
2034.707286
2034.70739
2034.712821
2034.723366
2034.723659
2034.723826
2034.733444
2034.733473
2034.73785
2034.737878
2034.853961
2039.782693
2039.782754
2039.783214
2041.357568
2042.725439
2606.617434
2606.617456
2606.680518
2606.692799
2606.900587
2606.900782
2606.900874
2606.900973
2607.002274
2607.064843
2607.064866
2607.067834
2607.32476
2607.400674
2607.577889
2607.6472
2607.692827
2607.779603
2607.8018
2607.801819
2607.806799
2607.900649
2607.918526
2607.918744
2607.965319
2607.965969
2607.970472
2608.016993
2608.017267
2608.048776
2608.048966
2608.074487
2608.076167
2608.07628
2608.090716
2608.17583
2608.200723
2608.225767
2608.309858
2608.310072
2608.400794
2608.400965
2608.439907
2608.440131
2608.442866
2608.443028
2608.699902
2608.700092
2608.829963
2608.831077
2608.831238
2608.842856
2608.90072
2608.97292
2608.9731
2609.13244
2609.144932
2609.145112
2609.693003
2609.855462
2609.89591
2609.904184
2609.904347
2609.926226
2609.926363
2609.955607
2609.95567
2609.955837
2609.956263
2609.956391
2609.956607
2609.956756
2609.957301
2609.957444
2609.957918
2609.958045
2609.958343
2609.958467
2609.958701
2609.958843
2609.959122
2609.959242
2609.959623
2609.959745
2609.960166
2609.960324
2610.028948
2610.029173
2610.061703
2610.061913
2610.062082
2610.062203
2610.062415
2610.062537
2610.062687
2610.062827
2610.062997
2610.063138
2610.06328
2610.063402
2610.063562
2610.063683
2610.063872
2610.063997
2610.064143
2610.064267
2610.064422
2610.064546
2610.102648
2610.107444
2610.107638
2610.108019
2610.15875
2610.172938
2610.215689
2610.235234
2610.249365
2610.250657
2610.250776
2610.260996
2610.261785
2610.271507
2610.285603
2610.399876
2610.400034
2610.882896
2610.896811
2610.899809
2610.899933
2610.911775
2610.924584
2610.938443
2610.938745
2610.938842
2610.948482
2610.964503
2610.964664
2610.974618
2611.127905
2611.12802
2611.133848
2611.1474
2611.147914
2611.158489
2611.160712
2611.214906
2611.225985
2611.250924
2611.266365
2611.273738
2611.275899
2611.525019
2611.525221
2611.725308
2611.899894
2611.955942
2612.022118
2612.084265
2612.158989
2612.399998
2612.47102
2612.47506
2612.736038
2612.89606
2612.899943
2612.906522
2612.956088
2612.9561
2612.95625
2612.956382
2612.956506
2612.957069
2612.957252
2612.957456
2612.95759
2612.958089
2612.958273
2612.95843
2612.958554
2612.959063
2612.959237
2612.959435
2612.959562
2612.96008
2612.960255
2612.960501
2612.960627
2613.001042
2613.062184
2613.062371
2613.062532
2613.062661
2613.062826
2613.062962
2613.063239
2613.063382
2613.063539
2613.063662
2613.064177
2613.064299
2613.064541
2613.064665
2613.064933
2613.065096
2613.065257
2613.065372
2613.065527
2613.065654
2613.113066
2613.194727
2613.200264
2613.209245
2613.209331
2613.213488
2613.219251
2613.21972
2613.220186
2613.225044
2613.23072
2613.231993
2613.256127
2613.432008
2613.440079
2613.441099
2613.448194
2613.451064
2613.652017
2613.658934
2613.659543
2613.667011
2613.669691
2613.69321
2613.869043
2613.879409
2613.896345
2613.905524
2613.938723
2614.078181
2614.078394
2614.139059
2614.147168
2614.147626
2614.159158
2614.159191
2614.168557
2614.191854
2614.235054
2614.261216
2614.278329
2614.296082
2614.387056
2614.900065
2614.900208
2615.028192
2615.586121
2615.778167
2615.896284
2615.900112
2615.956279
2615.95636
2615.956532
2615.956679
2615.956814
2615.957225
2615.957352
2615.957509
2615.957628
2615.958234
2615.958402
2615.95856
2615.958706
2615.959235
2615.959412
2615.95959
2615.959708
2615.960226
2615.960404
2615.960557
2615.960672
2616.062369
2616.062539
2616.062677
2616.062819
2616.063209
2616.06335
2616.063506
2616.063628
2616.064268
2616.064419
2616.064567
2616.064688
2616.064838
2616.064955
2616.065221
2616.065344
2616.065522
2616.065648
2616.065799
2616.065922
2616.12926
2616.310295
2616.52988
2616.911094
2617.197594
2617.279334
2617.37246
2617.409599
2618.029288
2618.391766
2618.400262
2618.887813
2619.396356
2619.400318
2619.911489
2620.354497
2620.520628
2620.551096
2621.399083
2621.400435
2621.693625
2622.400496
2622.911643
2623.661788
2623.67908
2623.716933
2624.001715
2624.324894
2624.400613
2624.648599
2624.969847
2625.15379
2625.301169
2625.307405
2625.307422
2625.311303
2625.707989
2625.893896
2625.893913
2625.895707
2625.897031
2625.897259
2625.905547
2625.905728
2625.919996
2625.921945
2625.949357
2625.963679
2625.964823
2625.964945
2625.974717
2625.974862
2625.981143
2625.995238
2626.029924
2626.200586
2626.201775
2626.201956
2626.222734
2626.236931
2626.243595
2626.259419
2626.273276
2626.273604
2626.273729
2626.288427
2626.291642
2626.305618
2626.305751
2626.322532
2626.354291
2626.477183
2626.480398
2626.482305
2626.494191
2626.496173
2626.509888
2626.522414
2626.539694
2626.548165
2626.576825
2626.622199
2626.624936
2626.67589
2626.678862
2626.684496
2626.766891
2626.803761
2626.827937
2626.85079
2626.858734
2626.86189
2627.069339
2627.210478
2627.221814
2627.224651
2627.246416
2627.266487
2627.280365
2627.280679
2627.280774
2627.292778
2627.306728
2627.306857
2627.322421
2627.457106
2627.458104
2627.458875
2627.472391
2627.474205
2627.484367
2627.485635
2627.502885
2627.503055
2627.51664
2627.524187
2627.538787
2627.658257
2627.69906
2627.722009
2627.812763
2627.827195
2627.829223
2627.850752
2627.920026
2627.926823
2627.955918
2627.956257
2627.956376
2627.96587
2628.113302
2628.1317
2628.25837
2628.26671
2628.362969
2628.371972
2628.376722
2628.39146
2628.394138
2628.499425
2628.507117
2628.513004
2628.626803
2628.626987
2628.658341
2628.665846
2628.771055
2628.771163
2628.781157
2628.948357
2629.191941
2629.592323
2629.947489
2630.090821
2630.19198
2630.880192
2631.19204
2632.192098
2633.192154
2633.457008
2633.579968
2634.109381
2634.192194
2635.182264
2636.182322
2636.900326
2637.182377
2637.694584
2637.900386
2638.182441
2638.60856
2638.900439
2639.182489
2639.297
2640.845053
2641.400599
2642.147854
2642.400638
2644.359055
2647.504461
3212.033561
3212.40026
3212.40043
3212.40052
3212.400621
3212.887541
3212.900346
3213.033478
3213.343248
3213.343276
3213.347447
3213.353162
3213.365147
3213.376272
3213.378876
3213.386607
3213.40031
3213.414581
3213.414793
3213.445634
3213.446156
3213.496741
3213.497036
3213.522438
3213.522668
3213.655519
3213.680411
3213.705398
3213.761462
3213.789629
3213.789822
3213.839295
3213.839312
3213.842295
3213.900465
3213.900638
3213.919606
3213.919774
3213.922542
3213.922694
3214.179585
3214.179927
3214.300198
3214.359531
3214.359728
3214.400389
3214.414621
3214.62461
3214.62479
3214.73831
3214.77682
3214.843044
3214.843057
3214.846273
3215.033641
3215.104662
3215.104677
3215.279637
3215.300198
3215.407378
3215.407713
3215.428807
3215.428968
3215.479638
3215.486755
3215.486961
3215.488105
3215.488242
3215.488525
3215.489265
3215.489786
3215.489908
3215.490608
3215.490799
3215.491171
3215.491308
3215.491663
3215.491787
3215.492056
3215.492179
3215.492428
3215.492639
3215.493026
3215.49315
3215.529575
3215.529808
3215.562099
3215.562303
3215.562639
3215.562779
3215.5631
3215.563231
3215.564566
3215.564699
3215.565064
3215.565189
3215.565417
3215.56556
3215.565723
3215.565865
3215.566025
3215.566157
3215.566312
3215.566439
3215.566666
3215.566787
3215.606961
3215.611734
3215.611933
3215.612296
3215.900525
3215.900685
3216.400513
3216.400724
3216.705684
3216.730576
3216.755573
3216.912664
3216.912862
3217.112993
3217.400568
3217.455846
3217.521814
3217.598609
3217.635658
3217.647908
3217.65347
3217.65975
3217.659793
3217.663507
3217.669773
3217.670097
3217.678862
3217.680488
3217.844726
3217.849974
3217.85131
3217.851474
3217.862635
3217.870608
3217.878584
3217.884724
3217.885903
3217.886835
3217.895592
3217.895828
3217.896589
3217.900643
3217.911392
3217.925608
3217.9261
3217.926219
3217.938296
3217.938504
3217.946643
3217.954702
3217.960785
3218.098629
3218.108535
3218.109179
3218.116285
3218.117659
3218.207719
3218.279723
3218.305813
3218.306947
3218.307051
3218.318633
3218.321813
3218.32232
3218.336418
3218.339079
3218.348247
3218.348496
3218.38182
3218.392935
3218.40671
3218.407049
3218.407168
3218.41747
3218.431649
3218.431777
3218.443909
3218.472732
3218.479734
3218.48675
3218.486943
3218.487777
3218.487923
3218.488741
3218.488916
3218.489741
3218.489927
3218.490738
3218.490914
3218.491066
3218.49118
3218.491742
3218.491932
3218.492091
3218.492247
3218.492761
3218.492896
3218.493078
3218.493206
3218.56188
3218.562033
3218.562705
3218.562831
3218.562968
3218.563085
3218.564699
3218.564835
3218.564983
3218.565105
3218.565759
3218.565914
3218.566086
3218.566226
3218.566412
3218.566544
3218.56676
3218.566886
3218.567044
3218.567164
3218.581651
3218.58472
3218.612793
3218.669244
3218.669462
3218.669656
3218.684484
3218.68462
3218.721524
3218.722017
3218.723122
3218.723712
3218.735021
3218.735116
3218.747791
3218.751177
3218.768616
3218.776797
3218.804423
3218.951683
3218.960601
3218.960996
3218.967747
3218.967795
3218.968722
3218.970452
3218.973486
3218.975667
3219.033902
3219.159715
3219.179849
3219.187057
3219.20509
3219.212501
3219.242539
3219.449701
3219.456675
3219.457478
3219.465137
3219.46583
3219.466002
3219.469884
3219.656719
3219.666048
3219.666704
3219.678982
3219.680095
3219.681062
3219.690191
3219.690375
3219.690413
3219.690622
3219.690951
3219.691063
3219.691089
3219.693243
3219.696598
3219.700772
3219.736841
3219.899745
3219.908373
3219.909294
3219.916157
3219.918505
3220.119744
3220.126358
3220.127362
3220.13424
3220.136297
3220.338751
3220.345953
3220.346497
3220.355743
3220.356762
3220.400753
3220.415872
3220.558754
3220.570346
3220.587317
3220.59589
3220.634655
3220.838796
3220.845633
3220.846096
3220.85324
3220.855687
3221.058803
3221.06571
3221.066175
3221.073651
3221.076159
3221.165836
3221.278805
3221.279944
3221.285687
3221.286171
3221.293888
3221.296187
3221.479927
3221.486929
3221.487118
3221.487953
3221.488082
3221.488932
3221.489122
3221.489924
3221.490106
3221.490953
3221.491108
3221.491244
3221.491363
3221.492033
3221.492169
3221.492302
3221.492421
3221.492905
3221.493038
3221.493171
3221.493292
3221.498819
3221.562006
3221.562187
3221.562873
3221.563003
3221.56314
3221.563257
3221.56485
3221.565006
3221.565159
3221.565294
3221.565941
3221.566114
3221.566258
3221.566391
3221.566919
3221.5671
3221.567253
3221.567374
3221.567507
3221.567652
3221.599903
3221.653463
3221.653893
3221.74894
3221.754671
3221.754716
3221.761287
3221.763461
3221.858318
3221.917428
3221.962821
3221.970857
3221.971333
3221.979199
3221.996603
3222.200886
3222.208016
3222.209235
3222.215309
3222.215354
3222.215608
3222.216669
3222.219901
3222.222623
3222.224738
3222.303345
3222.407889
3222.427882
3222.434487
3222.451665
3222.45874
3222.487952
3222.499235
3222.499562
3222.501641
3222.667024
3222.683879
3222.690975
3222.691529
3222.699051
3222.716362
3222.883903
3222.913886
3222.919463
3222.920673
3222.927745
3222.927774
3222.930305
3222.937038
3222.938123
3222.946728
3222.947199
3223.119914
3223.149898
3223.161198
3223.1783
3223.185095
3223.214002
3223.219413
3223.416965
3223.419916
3223.427674
3223.429703
3223.436672
3223.439211
3223.62994
3223.639926
3223.646726
3223.647268
3223.654661
3223.657378
3223.859952
3223.868454
3224.067967
3224.369375
3224.376779
3224.379685
3224.578991
3224.587936
3224.588311
3224.594428
3224.595346
3224.595852
3224.602251
3224.602801
3224.602832
3225.303127
3225.762183
3227.033328
3228.303347
3229.677317
3229.678078
3229.678473
3229.678659
3229.678765
3229.685499
3229.690428
3229.692649
3229.692807
3229.692977
3229.707871
3229.707934
3229.710706
3229.710745
3229.861485
3230.625495
3231.950091
3231.954151
3231.963805
3231.966232
3231.979957
3231.987025
3232.545827
3232.559886
3232.566466
3232.581931
3232.595674
3232.596021
3232.59614
3232.605861
3232.619753
3232.619878
3232.630046
3232.76694
3232.7673
3232.767663
3232.781877
3232.782371
3232.790495
3232.793929
3232.813963
3232.814085
3232.827887
3232.828775
3232.848445
3232.997226
3233.022358
3233.045419
3233.119825
3233.149547
3233.156397
3233.181498
3233.225451
3233.232618
3233.285441
3233.285798
3233.285901
3233.298422
3233.442704
3233.58693
3233.595544
3233.699569
3233.705596
3233.710695
3233.720269
3233.771638
3233.824351
3233.831854
3233.838177
3233.942614
3233.942779
3233.952797
3233.953028
3233.981858
3233.988773
3234.092882
3234.093046
3234.101767
3234.728648
3234.728712
3234.734338
3536.024964
3536.067471
3536.067498
3536.130066
3536.130083
3536.136599
3536.196196
3536.399818
3536.400023
3536.400117
3536.400223
3536.530944
3536.530964
3536.534887
3536.63901
3536.643321
3536.659862
3536.850525
3536.899905
3536.990145
3537.025028
3537.255021
3537.25505
3537.258267
3537.362421
3537.362587
3537.364482
3537.366634
3537.399878
3537.420395
3537.420731
3537.450421
3537.451101
3537.50418
3537.504366
3537.504539
3537.544082
3537.544324
3537.549151
3537.55196
3537.564401
3537.664104
3537.672403
3537.688983
3537.712769
3537.712982
3537.714021
3537.731952
3537.797173
3537.79737
3537.900034
3537.900211
3537.927835
3537.928067
3537.93008
3537.930276
3537.937887
3537.972243
3537.980683
3537.983192
3538.188677
3538.188941
3538.35111
3538.351312
3538.399949
3538.578371
3538.632177
3538.632353
3538.781177
3539.025208
3539.273142
3539.319066
3539.404218
3539.404382
3539.434938
3539.435101
3539.462264
3539.469246
3539.469906
3539.470753
3539.470888
3539.471307
3539.471436
3539.47179
3539.471919
3539.472397
3539.472525
3539.473491
3539.473629
3539.474261
3539.474394
3539.475207
3539.475385
3539.475727
3539.47587
3539.4762
3539.476332
3539.535122
3539.535341
3539.536141
3539.536306
3539.536487
3539.536624
3539.536814
3539.536944
3539.53717
3539.537306
3539.537507
3539.537636
3539.537778
3539.537883
3539.538044
3539.53818
3539.538397
3539.538525
3539.538751
3539.538874
3539.53917
3539.539295
3539.577144
3539.58233
3539.582924
3539.583035
3539.594792
3539.594808
3539.647215
3539.647229
3539.765459
3539.78035
3539.783865
3539.795635
3539.8098
3539.814323
3539.817675
3539.831424
3539.831739
3539.831824
3539.840114
3539.848419
3539.854037
3539.854164
3539.857385
3539.862609
3539.863071
3539.863188
3539.884039
3539.891412
3539.89162
3539.900097
3539.900249
3539.923352
3539.937505
3540.079182
3540.08006
3540.081249
3540.094531
3540.095063
3540.119376
3540.120116
3540.173347
3540.183962
3540.189476
3540.400062
3540.400217
3540.714256
3540.739112
3540.764165
3540.903215
3540.903429
3541.103705
3541.400125
3541.45601
3541.523136
3541.576348
3541.657281
3541.853215
3541.900219
3541.956255
3542.273319
3542.274253
3542.46233
3542.470293
3542.47046
3542.470601
3542.47072
3542.471443
3542.471597
3542.472255
3542.472385
3542.472583
3542.472706
3542.473247
3542.473373
3542.474314
3542.47446
3542.475287
3542.475418
3542.475556
3542.475678
3542.476249
3542.476377
3542.533309
3542.536382
3542.536525
3542.536676
3542.5368
3542.537328
3542.537499
3542.537666
3542.537791
3542.537945
3542.538071
3542.538253
3542.538378
3542.538545
3542.538669
3542.538819
3542.538937
3542.539095
3542.539222
3542.539619
3542.539782
3542.60335
3542.680693
3542.68594
3542.693427
3542.777256
3542.777345
3542.777609
3542.777952
3542.78421
3542.787707
3542.789585
3542.792314
3542.990235
3543.001004
3543.001975
3543.015747
3543.020216
3543.025412
3543.220256
3543.223684
3543.224324
3543.227224
3543.229225
3543.430277
3543.439202
3543.456515
3543.456595
3543.456705
3543.46363
3543.505572
3543.656666
3543.709274
3543.712837
3543.713294
3543.718819
3543.71885
3543.722945
3543.748554
3543.797401
3543.949305
3543.952911
3543.953428
3543.958274
3543.958322
3543.959236
3543.963172
3543.967003
3543.973242
3544.152282
3544.172294
3544.183008
3544.199859
3544.2054
3544.246963
3544.400333
3544.406432
3544.442301
3544.444835
3544.445693
3544.45214
3544.456608
3544.644328
3544.65433
3544.662818
3544.668285
3544.672527
3544.67358
3544.674871
3544.674904
3544.676999
3544.677039
3544.67727
3544.677571
3544.680472
3544.685046
3544.691918
3544.884338
3544.887799
3544.888716
3544.895109
3544.899796
3545.02776
3545.097347
3545.105188
3545.106153
3545.109751
3545.111105
3545.156379
3545.27347
3545.304353
3545.308573
3545.309115
3545.312155
3545.313233
3545.462479
3545.470457
3545.470685
3545.470831
3545.470978
3545.471455
3545.471585
3545.472436
3545.472585
3545.472725
3545.472848
3545.473428
3545.473565
3545.474432
3545.47458
3545.475512
3545.475649
3545.475843
3545.475974
3545.476779
3545.476922
3545.518378
3545.536554
3545.536747
3545.536913
3545.537031
3545.537485
3545.537659
3545.537847
3545.537971
3545.538129
3545.538254
3545.538442
3545.538564
3545.538717
3545.538844
3545.539005
3545.539135
3545.53943
3545.539593
3545.539883
3545.540038
3545.544448
3545.591347
3545.608266
3545.704035
3545.743262
3545.810485
3545.908048
3545.948398
3545.954845
3545.955299
3545.960192
3545.963076
3546.164408
3546.168821
3546.169192
3546.172016
3546.172042
3546.17488
3546.179989
3546.288218
3546.374432
3546.384836
3546.385282
3546.390429
3546.393602
3546.594434
3546.603246
3546.603705
3546.61275
3546.615654
3546.657559
3546.812453
3546.822393
3546.822941
3546.825922
3546.825955
3546.831256
3546.854558
3547.052461
3547.05792
3547.059144
3547.066467
3547.066509
3547.066685
3547.0678
3547.070664
3547.07429
3547.080243
3547.257471
3547.277458
3547.282347
3547.299323
3547.302627
3547.335809
3547.347853
3547.348075
3547.35129
3547.407507
3547.537482
3547.542853
3547.543352
3547.55309
3547.553122
3547.5563
3547.583843
3547.747509
3547.78749
3547.795342
3547.796579
3547.808631
3547.808679
3547.808888
3547.810017
3547.813409
3547.815796
3547.819785
3547.997523
3548.015519
3548.022573
3548.039785
3548.059953
3548.092461
3548.295535
3548.299353
3548.304401
3548.308794
3548.31088
3548.495545
3548.504531
3548.513919
3548.514735
3548.522897
3548.525502
3548.724557
3548.734937
3548.934569
3549.235856
3549.239172
3549.252585
3549.288833
3549.454591
3549.459546
3549.459886
3549.466733
3549.466897
3549.467427
3549.479359
3549.479991
3549.480023
3549.822816
3551.025879
3552.288879
3553.049644
3554.593012
3555.898788
3555.908415
3555.912626
3555.917221
3555.932982
3555.936626
3556.500602
3556.514669
3556.519274
3556.535152
3556.549187
3556.549278
3556.549627
3556.55534
3556.565471
3556.5702
3556.570297
3556.57702
3556.730579
3556.73103
3556.731252
3556.746033
3556.746181
3556.753172
3556.763074
3556.779697
3556.779826
3556.796887
3556.797265
3556.817013
3556.958654
3556.998035
3556.998198
3557.025887
3557.13255
3557.137216
3557.167263
3557.273922
3557.278116
3557.278238
3557.303461
3557.389452
3557.389737
3557.392851
3557.470174
3557.616568
3557.63284
3557.73952
3557.744202
3557.748846
3557.75911
3557.832242
3557.865862
3557.872257
3557.879798
3558.026567
3558.03134
3558.138006
3558.138153
3558.146181
3562.545412
3562.564128
3563.295408
3563.306872
3567.026815
3567.400484
3567.400781
3567.409745
3569.061381
3572.399903
3572.420474
3573.832147
3576.896126
3576.897046
3576.898134
3576.898335
3576.898433
3576.899259
3576.90021
3576.902901
3576.903166
3576.912529
3576.939942
3576.939982
3576.945114
3576.945151
3581.659623
3581.784518
3581.949377
3581.949442
3581.950151
3586.87036
3587.125031
3587.129418
3587.147399
3587.155603
3587.15571
3587.155727
3587.159288
3587.159815
3587.169146
3587.169155
3587.174908
3587.176082
3587.212791
3587.22409
3587.224106
3587.302167
3587.324015
3587.736329
3587.802599
3587.802619
3587.80954
3587.810846
3587.810975
3587.916095
3587.930287
3587.932622
3587.941801
3587.953807
3587.955995
3587.956521
3587.956639
3587.959025
3587.961215
3587.970688
3587.98481
3588.053815
3588.060501
3588.060632
3588.069744
3588.070299
3588.13192
3588.276591
3588.27776
3588.277923
3588.28208
3588.283278
3588.297327
3588.304028
3588.320162
3588.333907
3588.334238
3588.334357
3588.344439
3588.358387
3588.358509
3588.368029
3588.37825
3588.526266
3588.52629
3588.530248
3588.544024
3588.551502
3588.565282
3588.566747
3588.57532
3588.5776
3588.631765
3588.634471
3588.634577
3588.645783
3588.646594
3588.699772
3588.709201
3589.034591
3589.034625
3590.976539
3590.991134
3592.747267
3593.014762
3593.281861
3593.292514
3593.298659
3593.298742
3593.301548
3593.308343
3593.308691
3593.313113
3593.315848
3593.518139
3594.019029
3594.020085
3594.02774
3594.029962
3594.230157
3594.237064
3594.23772
3594.2464
3594.246676
3594.450198
3594.462302
3594.479234
3594.494766
3595.413945
3595.41445
3595.420002
3595.436072
3595.633271
3595.641827
3595.642297
3595.649807
3595.649856
3595.650757
3595.665759
3595.677068
3595.684535
3595.833252
3595.882258
3595.890076
3595.906792
3595.913929
3595.943466
3596.142278
3596.150327
3596.151157
3596.159504
3596.161578
3596.317477
3596.350292
3596.357272
3596.365689
3596.366927
3596.367633
3596.37563
3596.375899
3596.375942
3596.376171
3596.37647
3596.376905
3596.376936
3596.378786
3596.381758
3596.385693
3596.586305
3596.601713
3596.602607
3596.621251
3596.62839
3596.826308
3596.84811
3596.849071
3596.857144
3596.859129
3597.056327
3597.065769
3597.066398
3597.073427
3597.074921
3597.275335
3597.279549
3597.296704
3597.303734
3597.336045
3597.535351
3597.542363
3597.542757
3597.548652
3597.551199
3597.742583
3597.74942
3597.749911
3597.75733
3597.761879
3597.952381
3597.959584
3597.959989
3597.967468
3597.972488
3598.179383
3598.186245
3598.18669
3598.194087
3598.196391
3598.399395
3598.406406
3598.406852
3598.414149
3598.414182
3598.421084
3598.440401
3598.636441
3598.644421
3598.645621
3598.65425
3598.654301
3598.660144
3598.664606
3598.665838
3598.677392
3598.677926
3598.844422
3598.874414
3598.883083
3598.900107
3598.90768
3598.937471
3598.948986
3598.949217
3598.954058
3599.026613
3599.134441
3599.143137
3599.143682
3599.152859
3599.172226
3599.347452
3599.377442
3599.384155
3599.385285
3599.392176
3599.392217
3599.392463
3599.393471
3599.394807
3599.398034
3599.401171
3599.584479
3599.594469
3599.613724
3599.630684
3599.646779
3599.67231
3599.873496
3599.875544
3599.877594
3599.882608
3599.882953
3600.073529
3600.083492
3600.092542
3600.093075
3600.095392
3600.124798
3600.323516
3600.330503
3600.353729
3600.530511
3600.831858
3600.838142
3600.883416
3601.091566
3601.093912
3601.094308
3601.096447
3601.102826
3601.103281
3601.113738
3601.117656
3601.117687
3605.841955
3607.121281
3607.128451
3607.135082
3607.137094
3607.15086
3607.158361
3607.721323
3607.735476
3607.741585
3607.762302
3607.776103
3607.776422
3607.776543
3607.796347
3607.810257
3607.810387
3607.814514
3607.820014
3607.973561
3607.97938
3607.982956
3607.993492
3607.996823
3608.004878
3608.011401
3608.036234
3608.036368
3608.044336
3608.044685
3608.066161
3608.169615
3608.170858
3608.171096
3608.193182
3608.25481
3608.302433
3608.306974
3608.332392
3608.358773
3608.360165
3608.368267
3608.4414
3608.441722
3608.441841
3608.450241
3608.625656
3608.774649
3608.781521
3608.890613
3608.894397
3608.900293
3608.902483
3608.987074
3608.98734
3608.992146
3609.011592
3609.013799
3609.018017
3609.166636
3609.173222
3609.282292
3609.282443
3609.289401
3614.148308
3614.158824
3614.878359
3614.881781
3617.170887
3619.00132
3619.00165
3619.010194
3623.899848
3623.924091
3624.378115
3629.022191
3629.022474
3629.03186
3629.162154
3629.169659
3629.879223
3629.906824
3631.014709
3631.015624
3631.016698
3631.016897
3631.017062
3631.02216
3631.029224
3631.029581
3631.038868
3631.039159
3631.049671
3631.049708
3631.051463
3631.051484
