0.000273999998171
0.00934599999891
0.743821000004
8.486189
10.022472
10.022761
10.031675
10.152137
10.159153
10.912182
10.922885
19.216142
20.052071
20.052325
20.05623
24.722967
24.739911
25.164005
25.174188
25.924049
25.935778
30.074869
30.075138
30.084541
40.106094
40.10632
40.115518
40.175876
40.182992
40.935913
40.947133
49.48978
50.144682
50.145051
50.15244
52.324696
55.184737
55.195905
55.954777
55.965769
59.367089
59.723997
59.73473
60.175046
60.175315
60.182129
70.191595
70.210432
70.214943
70.215184
70.222192
70.964626
70.977663
72.490122
79.773598
80.230857
80.231107
80.23827
85.21346
85.230633
85.983514
85.994123
90.280521
90.2808
90.28975
95.224006
95.242955
100.231305
100.245015
100.333686
100.333959
100.340914
100.991352
101.002116
110.055716
110.378194
110.378495
110.39043
115.241169
115.258962
116.001217
116.022204
120.43433
120.434605
120.442702
130.264046
130.283678
130.47472
130.474989
130.481629
131.024069
131.035442
135.223297
135.240619
140.362025
140.505563
140.505851
140.512578
145.285902
145.308871
146.035945
146.046768
150.561376
150.561659
150.5686
160.308752
160.327143
160.612836
160.613122
160.620926
161.052785
161.063644
170.648966
170.665351
170.665603
170.675235
175.223587
175.243004
175.335611
175.342954
176.065675
176.076446
180.723148
180.723395
180.73262
190.345493
190.362907
190.779984
190.780251
190.787362
191.079516
191.08767
200.795794
200.796083
200.808793
200.925471
205.365339
205.382703
206.095378
206.105575
210.223622
210.241969
210.826294
210.826631
210.833331
220.380198
220.398388
220.853532
220.853846
220.860515
221.100238
221.107014
230.881837
230.882116
230.891923
231.229223
233.869077
234.048248
234.048456
235.402055
235.507646
236.111107
236.122316
237.197287
237.377252
237.67248
237.86538
238.240429
238.426699
238.426872
238.663776
238.84123
238.851839
238.853031
239.030684
239.546011
239.724074
239.735856
239.824622
240.002584
240.013838
240.372347
240.385901
240.405384
240.763444
240.764049
240.764139
240.764508
240.779101
240.780202
240.922956
240.92323
240.930413
241.137598
241.137751
241.14855
241.303408
241.303623
241.303912
241.663135
241.663288
241.68019
241.683529
241.684638
242.04296
242.066188
242.074876
242.220816
242.27893
242.283854
242.289696
250.509914
250.513736
250.964569
250.964869
250.972087
251.123986
251.130764
260.993335
260.993564
261.019708
261.555959
265.515796
265.527724
266.135814
266.146165
271.05803
271.058311
271.067231
273.755996
273.756775
274.114729
274.133946
274.141694
275.72334
275.726924
276.710463
276.711176
277.069155
277.092159
277.092285
277.105282
277.105428
277.271041
277.271976
277.630088
277.646214
277.646318
277.646408
277.67134
277.671535
278.029901
278.030052
278.03043
278.030527
278.044988
278.045087
280.527635
280.539365
281.113534
281.113834
281.12111
281.147688
281.154287
291.16943
291.169684
291.181818
291.848645
295.539517
295.550588
295.80167
296.149529
296.162388
299.433676
301.225657
301.225951
301.237297
310.546363
310.564993
311.156397
311.165916
311.264007
311.264292
311.270836
315.223606
315.236005
321.282764
321.283055
321.292277
322.158626
322.797404
322.801473
323.155535
323.159326
323.176439
323.176582
323.534522
323.747243
324.093494
324.10663
324.126188
324.472208
324.472896
324.47303
324.473464
324.488483
324.489809
324.835159
324.835351
324.849114
325.00705
325.007425
325.007778
325.354713
325.354867
325.368427
325.373632
325.373847
325.55722
325.563939
325.741637
325.749417
326.157255
326.168237
331.317698
331.317993
331.327398
340.557077
340.575615
341.167089
341.177979
341.352658
341.35292
341.361613
344.375955
344.37656
344.72419
344.744699
344.75236
349.723579
349.742438
351.374232
351.37455
351.383805
352.447241
355.375558
355.567923
355.575127
356.12507
356.178963
356.186328
356.875045
357.750521
358.500261
359.250208
359.619327
360.139188
360.88829
361.395572
361.39587
361.40272
361.638353
362.73399
363.483528
364.233482
364.761188
365.446927
365.760649
366.196701
366.946651
367.760736
370.568798
370.579951
371.191817
371.202777
371.445134
371.445385
371.453468
371.773541
374.815226
374.81594
375.161829
375.174757
375.182751
379.77348
379.906178
379.906839
380.252797
380.271548
380.281402
381.501945
381.518613
381.528005
382.760046
385.22359
385.234498
385.580666
385.584549
385.590966
385.591897
385.937892
385.954117
385.961629
386.200683
386.208156
391.555428
391.555665
391.575613
395.774383
400.583515
400.601101
401.213549
401.223877
401.606722
401.606967
401.614514
405.952498
406.701998
407.451947
411.663255
411.663468
411.673078
413.045032
415.59637
415.609593
416.216412
416.227436
419.81456
420.223617
420.233524
421.705768
421.70605
421.712343
427.775249
430.614227
430.631674
431.234245
431.257312
431.761582
431.761873
431.769333
441.798487
441.798737
441.808154
443.338475
443.787806
443.791749
444.133778
444.137454
444.148437
444.149259
445.634091
445.645182
446.264113
446.274923
451.848652
451.848875
451.860077
456.723708
456.733974
460.636953
460.648053
461.266995
461.278764
461.898549
461.898801
461.905706
471.93309
471.933318
471.943071
473.628085
475.652797
475.663766
476.282853
476.293611
479.945453
481.982475
481.982762
481.993401
490.662677
490.68057
491.292726
491.304447
492.039341
492.039599
492.046167
495.223911
495.234831
502.094115
502.094437
502.103715
503.907914
505.683536
505.694221
506.303572
506.314703
512.151231
512.15149
512.161006
520.691395
520.708716
521.311428
521.322157
522.213216
522.21351
522.223118
532.257917
532.258181
532.266943
534.200571
535.707249
535.718079
536.317303
536.328033
537.223308
537.234066
540.10574
542.288888
542.289141
542.297552
542.297779
542.318684
542.325913
542.329842
542.568456
542.926887
542.937915
542.957839
543.31582
543.316522
543.316643
543.332184
543.690699
543.690861
543.690946
543.705727
543.70595
543.859519
543.859866
543.860271
544.218865
544.219015
544.233063
544.236582
544.237633
544.595545
544.61274
544.620678
550.719113
550.736362
551.329147
551.339846
552.332096
552.332345
552.343899
562.376195
562.37653
562.38834
564.485287
565.741975
565.755384
566.342013
566.352756
572.429001
572.429267
572.438555
577.067641
577.06845
577.223631
577.237955
577.426241
577.44785
577.455438
580.753826
580.765635
581.346868
581.357613
582.4715
582.472733
582.4804
592.523525
592.523774
592.535025
594.773974
595.756713
595.769162
596.359712
596.377094
600.256476
602.582317
602.582554
602.591599
606.534436
606.535182
606.892958
606.926639
606.934625
610.293865
610.294497
610.652372
610.675342
610.683057
610.775547
610.782749
611.385578
611.396957
611.723583
611.732259
612.629015
612.629307
612.636839
622.665502
622.665827
622.675073
625.062761
625.785414
625.796306
626.405458
626.416224
633.028149
633.028398
633.038615
640.804286
640.821653
641.42432
641.435472
643.084803
643.085131
643.094964
645.723548
645.734944
653.133746
653.134064
653.142136
655.350601
655.825145
655.837986
656.435173
656.44595
660.448932
661.562143
661.908763
661.921858
661.933981
662.280113
662.280595
662.280717
662.294591
662.641094
662.641283
662.641687
662.656098
662.656236
662.702169
662.712351
662.817916
662.818352
662.8186
663.060263
663.068316
663.070491
663.07794
663.16531
663.165511
663.167749
663.167995
663.171574
663.173965
663.17636
663.176921
663.523243
663.62079
663.6336
670.838007
670.855794
671.447028
671.458141
673.225348
673.225615
673.23278
683.260527
683.260826
683.270411
685.674421
685.85287
685.860045
686.462883
686.473888
688.223972
688.234823
693.318005
693.31832
693.327677
694.885546
694.885743
695.231603
695.243959
700.857717
701.467744
701.857779
701.860359
702.4678
702.473773
703.366255
703.366548
703.36875
713.411407
713.411715
713.418189
713.997572
714.204717
714.219401
714.469812
714.472533
714.496065
714.746884
714.747075
714.747204
714.751155
714.753972
714.754178
714.803572
714.803894
714.80432
715.053895
715.05407
715.054182
715.057295
715.061565
715.064876
715.065281
715.065497
715.316011
715.316191
715.326979
715.332768
715.964038
716.519566
716.752653
716.765473
716.86563
716.872932
716.966394
716.971333
716.991828
717.193328
717.19348
717.193568
717.203536
717.203791
717.204049
717.231505
717.231919
717.232266
717.432474
717.432689
717.433105
717.436116
717.441629
717.444826
717.446654
717.447032
717.475653
717.482255
717.645714
717.648046
717.648478
717.648596
717.648751
717.657365
717.657511
717.657631
717.66832
717.670115
717.869169
717.869354
717.87076
720.609378
721.723884
721.726635
723.453085
723.453333
723.458188
731.873503
731.88464
732.483529
732.490017
733.489532
733.489801
733.494647
743.502476
743.502776
743.509396
745.377274
745.627517
745.633214
746.253691
746.882362
746.889009
747.492394
747.500471
753.545062
753.545397
753.844754
753.850188
758.22396
758.234896
761.89521
761.903981
762.505239
762.512315
763.599723
763.600026
763.60471
773.653621
773.653927
773.659192
776.549489
776.903069
776.912363
777.5131
777.522073
780.711609
783.684606
783.684889
783.69062
791.795982
791.914936
791.927397
792.524989
792.531856
792.796103
793.737697
793.738038
793.741049
794.796208
796.72316
796.728197
798.796446
799.866819
800.250434
800.260721
800.280718
800.666177
800.66677
800.667111
800.667229
800.674084
800.67676
801.064058
801.064261
801.072949
801.248488
801.248885
801.249351
801.649831
801.649997
801.656568
801.661837
801.662173
802.103233
802.107353
803.786101
803.786359
803.790072
806.796927
806.858667
806.930766
806.935535
807.530835
807.541111
813.774936
813.775776
813.822024
813.822324
813.829222
814.133395
814.144657
814.148829
821.926632
821.937716
822.536697
822.544114
822.797834
822.952057
822.952367
822.952611
822.952795
822.952961
822.953137
822.953346
822.953472
822.953675
822.953824
822.953981
822.954109
822.954483
822.954666
822.954824
822.954949
822.955101
822.955234
822.955412
822.955538
823.597102
823.599674
823.871969
823.872204
823.877291
823.957649
823.970912
823.977712
825.952051
825.952268
825.952999
825.95314
825.953282
825.953405
825.953542
825.953662
825.953963
825.954095
825.954234
825.954354
825.954938
825.955094
825.95528
825.955397
825.955552
825.95568
825.955866
825.955989
828.952259
828.952476
828.953167
828.953329
828.953493
828.953619
828.953842
828.953971
828.954177
828.954315
828.954471
828.954592
828.95514
828.955331
828.955531
828.955663
828.955846
828.955973
828.956187
828.956322
833.931403
833.931719
833.942455
836.941504
836.952685
837.153996
837.541553
837.551686
838.723588
838.734271
840.803447
842.342027
842.392929
842.400783
842.404106
843.977658
843.977927
843.985683
851.953376
851.969191
852.553414
852.565701
853.994984
853.995264
854.002426
854.798671
859.872839
859.879172
860.231008
860.23689
860.250728
860.253464
864.042274
864.042588
864.049234
866.971235
866.985461
867.451664
867.561274
867.568308
874.090009
874.090321
874.0981
878.723895
878.742081
881.978079
881.988542
882.568181
882.579183
884.145363
884.14564
884.152984
894.204073
894.204364
894.21361
896.987961
896.999441
897.577976
897.587597
897.763443
900.958699
904.236962
904.237271
904.247365
911.996808
912.014899
912.586849
912.598728
914.252601
914.25287
914.259713
916.724049
916.727931
924.308867
924.309157
924.32102
927.008666
927.019642
927.598663
927.609525
928.061155
934.349504
934.349801
934.359041
942.025542
942.044264
942.615568
942.626319
944.388567
944.388837
944.396033
954.440711
954.440971
954.451087
957.04438
957.054162
957.634422
957.645095
958.357133
959.223492
959.234259
961.057199
964.495278
964.495557
964.505198
972.05122
972.069742
972.641285
972.653623
974.533416
974.536318
974.544921
981.034644
981.035314
984.588106
984.588356
984.597952
987.068105
987.080269
987.648146
987.658872
988.661871
994.636272
994.636582
994.647105
999.223777
999.242126
1002.085974
1002.097059
1002.656015
1002.668365
1004.682789
1004.683033
1004.6947
1006.112276
1006.112512
1006.312652
1007.062364
1007.812337
1014.720535
1014.72083
1014.730423
1017.099837
1017.110681
1017.669872
1017.680482
1018.983369
1024.755738
1024.756027
1024.764986
1026.262526
1032.112697
1032.130798
1032.682717
1032.693452
1034.83587
1034.836157
1034.845474
1036.723923
1036.735858
1044.863447
1044.863742
1044.873025
1047.133549
1047.144472
1047.693588
1047.704292
1049.291092
1054.913999
1054.914297
1054.923588
1062.144413
1062.160241
1062.704438
1062.714959
1064.96143
1064.961707
1064.967719
1075.017064
1075.017398
1075.026497
1077.157271
1077.168348
1077.707297
1077.719743
1079.606874
1079.723384
1079.730466
1085.069606
1085.06988
1085.079853
1092.170125
1092.187542
1092.720168
1092.730996
1095.127628
1095.127944
1095.136302
1105.18053
1105.180834
1105.190852
1107.190008
1107.200961
1107.730002
1107.745613
1109.909653
1115.211078
1115.21138
1115.220618
1119.723677
1119.742828
1122.200839
1122.211902
1122.740869
1122.752068
1125.248141
1125.24841
1125.255323
1135.281227
1135.281564
1135.290843
1137.2137
1137.225117
1137.753739
1137.764537
1140.221334
1142.41698
1142.452163
1142.459109
1142.465361
1145.331969
1145.332304
1145.339296
1152.22157
1152.238946
1152.761592
1152.773386
1155.359096
1155.35944
1155.366541
1165.726278
1165.726548
1165.735499
1167.236423
1167.327562
1167.766446
1167.777064
1170.528245
1175.760765
1175.761066
1175.77027
1180.723177
1180.742123
1182.33028
1182.341258
1182.78032
1182.792485
1185.817976
1185.818269
1185.826889
1195.865667
1195.865921
1195.876492
1197.341143
1197.352145
1197.79117
1197.801123
1200.842828
1205.908361
1205.9086
1205.918565
1212.352021
1212.369325
1212.802027
1212.812711
1215.958563
1215.958868
1215.969664
1218.815774
1219.815643
1221.815644
1225.815882
1226.014187
1226.014446
1226.023507
1227.373881
1227.384958
1227.813904
1227.82554
1231.15361
1233.81644
1236.043375
1236.043633
1236.052924
1242.383713
1242.404788
1242.823759
1242.834412
1246.078754
1246.07905
1246.086251
1249.817363
1250.72317
1250.742071
1256.135868
1256.136163
1256.146051
1257.405583
1257.416396
1257.835617
1257.847366
1261.474312
1266.151678
1266.151934
1266.161218
1272.421451
1272.438747
1272.851486
1272.862149
1276.206625
1276.206899
1276.213761
1281.818172
1286.266167
1286.266424
1286.27022
1287.43632
1287.448399
1287.856335
1287.867291
1291.223502
1291.23436
1291.779989
1296.317603
1296.317939
1296.328521
1302.44716
1302.464408
1302.867189
1302.877872
1306.354787
1306.355067
1306.362944
1316.412523
1316.412801
1316.422143
1317.459038
1317.469954
1317.879062
1317.889915
1322.077742
1326.456441
1326.45672
1326.466095
1331.223776
1331.24227
1332.475883
1332.487077
1332.895918
1332.907204
1336.49049
1336.490764
1336.497931
1346.539872
1346.540131
1346.549111
1347.494732
1347.503475
1347.914776
1347.925717
1352.3795
1356.590353
1356.590622
1356.600058
1362.496591
1362.51835
1362.916641
1362.928048
1366.647709
1366.64802
1366.655711
1367.223859
1367.234865
1376.695678
1376.695954
1376.703624
1377.525456
1377.536283
1377.9355
1377.945883
1382.693338
1386.720364
1386.720623
1386.730694
1392.540332
1392.55851
1392.94036
1392.951345
1396.769975
1396.770276
1396.778087
1401.723826
1401.74229
1406.823547
1406.823843
1406.83318
1407.561179
1407.573493
1407.951222
1407.964998
1413.012254
1416.873982
1416.874316
1416.88124
1422.572045
1422.586741
1422.962065
1422.973027
1426.907337
1426.90761
1426.915615
1436.963751
1436.964032
1436.973249
1437.595915
1437.606973
1437.975938
1437.986469
1441.724113
1441.734711
1442.474356
1442.528476
1442.535695
1442.539388
1443.331075
1447.021108
1447.021396
1447.027365
1452.606815
1452.62897
1452.986795
1452.998838
1457.044046
1457.044376
1457.054774
1467.080222
1467.080494
1467.08971
1467.629631
1467.641831
1467.999654
1468.008644
1473.641406
1477.133968
1477.134278
1477.141234
1481.723404
1481.741976
1482.638487
1482.6493
1483.008495
1483.022409
1487.188156
1487.18845
1487.197559
1497.242924
1497.243246
1497.253492
1497.651347
1497.663106
1498.021384
1498.031656
1503.95308
1507.299931
1507.300215
1507.307261
1512.662209
1512.679556
1513.032235
1513.041187
1517.223441
1517.242199
1517.344606
1517.344859
1517.352388
1527.361254
1527.361572
1527.3708
1527.681064
1527.691736
1528.041088
1528.052734
1534.269594
1537.405699
1537.406001
1537.414795
1542.695929
1542.713235
1543.047939
1543.05892
1547.452151
1547.452411
1547.462334
1552.223449
1552.242645
1557.478933
1557.479228
1557.488472
1557.709783
1557.71714
1558.059816
1558.073922
1564.579585
1567.519954
1567.520223
1567.529479
1572.720642
1572.73998
1573.070667
1573.08147
1577.576583
1577.576835
1577.585736
1587.629375
1587.629789
1587.638752
1587.738505
1587.745476
1588.078526
1588.089166
1592.223741
1592.240978
1594.889384
1597.68511
1597.689411
1597.696238
1602.74036
1602.758357
1603.090398
1603.101061
1606.060496
1606.809655
1607.559698
1607.743632
1607.743929
1607.750969
1617.759234
1617.781535
1617.795109
1617.795377
1617.804916
1618.104253
1618.111428
1625.193321
1627.81439
1627.81465
1627.822531
1632.724058
1632.742498
1632.784083
1632.791347
1633.114109
1633.260296
1637.857122
1637.857417
1637.867947
1645.83501
1646.834987
1647.786949
1647.804783
1647.899835
1647.900139
1647.907371
1648.256978
1648.269123
1648.835103
1652.83535
1655.4958
1657.951693
1657.951947
1657.958582
1660.835889
1662.797814
1662.81726
1663.267839
1663.279801
1667.724066
1667.760997
1668.003143
1668.003417
1668.010194
1676.83679
1677.81966
1677.834976
1678.057115
1678.057398
1678.061372
1678.27669
1678.282092
1685.810613
1688.08194
1688.082241
1688.089427
1692.827526
1692.837611
1693.277552
1693.283922
1698.13957
1698.139868
1698.144974
1702.724069
1702.737995
1707.839381
1707.845686
1708.176097
1708.176427
1708.186184
1708.279408
1708.287943
1708.758962
1708.837644
1708.937505
1709.234269
1709.414151
1709.716899
1709.91172
1710.323542
1710.509366
1710.509579
1710.787135
1711.154484
1711.175932
1711.17617
1711.353754
1712.00754
1712.185134
1712.196576
1712.296632
1712.47456
1712.488031
1712.673103
1712.681523
1712.698572
1712.883516
1712.884473
1712.884592
1712.89603
1712.951345
1713.176214
1713.184302
1713.369217
1713.369679
1713.369792
1713.380762
1713.380951
1713.406834
1713.409199
1713.426545
1713.592095
1713.59401
1713.606469
1713.606598
1713.61156
1713.619215
1713.639446
1713.824479
1713.825524
1713.82564
1713.842056
1713.889975
1714.114422
1714.121646
1714.306562
1714.307481
1714.307594
1714.319851
1714.320083
1714.348497
1714.573456
1714.822542
1714.828488
1714.838327
1715.023295
1715.116328
1715.124085
1715.130309
1715.315163
1715.407875
1715.415296
1715.420629
1715.605554
1715.699188
1715.707023
1715.713122
1715.898037
1715.997942
1716.006653
1716.027501
1716.106244
1716.2125
1716.490399
1716.499372
1716.520344
1716.705243
1716.953211
1716.953514
1716.954012
1716.954192
1716.954406
1716.954535
1716.955003
1716.955294
1716.955445
1716.955572
1716.955727
1716.955863
1716.956014
1716.956138
1716.956329
1716.956454
1716.956957
1716.957083
1716.957238
1716.957357
1717.049252
1717.077019
1717.094484
1717.279403
1717.37837
1717.37858
1717.38878
1717.388951
1717.405579
1717.590503
1717.685128
1717.693349
1717.713545
1717.89844
1717.992845
1718.003252
1718.232858
1718.233127
1718.241441
1719.953269
1719.953547
1719.954199
1719.95435
1719.954568
1719.954696
1719.955169
1719.955358
1719.955543
1719.955676
1719.956171
1719.956343
1719.956501
1719.956627
1719.956779
1719.956905
1719.957093
1719.957225
1719.957386
1719.957511
1722.843239
1722.849797
1722.95342
1722.953619
1722.954337
1722.954517
1722.954671
1722.954796
1722.955334
1722.955501
1722.95566
1722.955786
1722.95634
1722.956514
1722.956679
1722.956807
1722.956957
1722.957082
1722.957266
1722.95739
1722.957549
1722.957676
1723.293279
1723.302955
1728.269082
1728.269348
1728.278864
1737.848084
1737.854031
1738.29814
1738.308998
1738.315615
1738.315879
1738.322384
1742.54843
1742.597806
1742.61264
1742.708668
1746.423116
1748.34238
1748.342674
1748.350101
1752.854973
1752.863413
1753.314996
1753.324902
1758.359173
1758.35945
1758.368777
1767.862825
1768.322857
1768.389992
1768.411698
1768.411987
1768.418731
1768.862885
1768.868388
1771.953711
1776.733849
1778.461028
1778.461317
1778.469293
1783.223677
1783.241508
1783.39371
1783.401921
1783.873736
1783.877923
1788.497344
1788.497686
1788.506941
1798.397579
1798.412294
1798.530995
1798.531274
1798.539073
1798.880592
1798.885982
1807.032493
1808.568868
1808.569142
1808.576468
1813.408418
1813.42616
1813.888448
1813.892504
1818.223679
1818.242038
1818.60898
1818.609311
1818.617714
1828.429301
1828.450461
1828.6505
1828.65078
1828.659629
1828.890314
1828.893887
1832.056857
1837.333179
1838.276984
1838.277242
1838.700798
1838.701094
1838.703174
1843.447139
1843.469277
1843.89115
1843.897633
1848.749334
1848.749652
1848.759188
1853.723711
1853.740483
1858.473018
1858.490184
1858.797229
1858.797513
1858.804311
1858.898003
1858.901152
1867.65428
1868.832067
1868.832276
1868.836943
1873.492894
1873.510425
1873.903017
1873.90699
1878.859597
1878.859873
1878.865211
1888.507722
1888.525128
1888.895052
1888.895339
1888.902313
1888.907725
1888.911109
1893.22397
1893.241591
1897.981761
1899.707351
1899.70762
1899.716828
1903.522585
1903.531514
1903.912602
1903.917484
1909.764306
1909.764606
1909.773557
1918.531448
1918.542429
1918.921456
1918.925352
1919.818558
1919.818805
1919.823769
1928.280401
1929.835117
1929.83536
1929.840761
1933.539318
1933.548259
1933.91933
1933.923823
1934.723348
1934.734832
1939.892116
1939.892379
1939.898797
1948.552163
1948.570075
1948.922173
1948.926045
1949.908566
1949.908847
1949.913926
1958.578113
1959.924984
1959.925199
1959.93253
1963.575025
1963.58583
1963.935044
1964.013664
1968.223276
1968.257389
1969.939831
1969.940094
1969.94612
1978.580879
1978.598593
1979.010902
1979.020032
1979.95561
1979.955851
1979.958986
1988.881774
1989.970335
1989.97061
1989.974417
1993.601742
1993.607196
1994.021786
1994.031151
1999.986198
1999.98649
1999.996323
2004.723357
2004.738735
2008.61264
2008.621177
2009.03263
2009.04368
2010.011757
2010.012031
2010.01894
2019.188657
2020.042588
2020.04285
2020.049712
2023.617454
2023.627231
2024.038454
2024.049876
2030.073143
2030.073454
2030.08268
2038.633323
2038.649166
2039.053345
2039.065218
2040.097693
2040.097997
2040.107007
2042.718255
2042.769028
2042.778406
2042.77981
2049.513829
2050.141383
2050.14162
2050.148736
2053.651192
2053.662252
2054.05618
2054.058683
2060.17841
2060.17872
2060.187915
2068.658043
2068.675637
2069.058052
2069.069699
2070.226428
2070.226706
2070.233591
2072.855329
2073.855456
2075.855538
2079.836188
2079.85574
2080.265112
2080.265422
2080.272604
2083.667899
2083.678843
2084.067938
2084.079369
2085.223972
2085.234765
2087.856316
2090.316018
2090.316326
2090.325696
2098.68577
2098.723781
2099.085784
2099.140392
2100.337504
2100.337749
2100.34464
2103.856258
2110.137811
2110.38591
2110.386177
2110.395358
2113.725617
2113.736615
2114.145649
2114.156645
2118.723889
2118.742043
2120.436972
2120.439549
2120.447052
2128.745485
2128.764089
2129.165514
2129.176512
2130.481946
2130.482243
2130.489126
2135.857964
2140.480962
2140.529402
2140.529621
2140.53647
2143.759253
2143.770325
2144.177347
2144.187731
2150.56476
2150.565044
2150.574047
2155.223976
2155.24289
2158.770196
2158.781221
2159.190225
2159.201535
2160.603976
2160.604232
2160.612351
2170.640777
2170.641051
2170.649974
2170.792432
2173.782072
2173.793133
2174.197088
2174.211833
2180.685975
2180.686225
2180.695203
2188.786909
2188.804143
2189.211956
2189.222901
2190.708079
2190.708323
2190.717386
2193.724186
2193.734981
2200.752716
2200.75299
2200.761956
2201.088004
2203.798779
2203.811974
2204.225805
2204.236893
2206.211333
2206.211589
2206.412475
2207.162084
2207.912042
2210.803083
2210.803299
2210.810847
2218.814643
2218.821808
2219.244668
2219.256067
2220.847768
2220.848036
2220.851946
2230.899968
2230.90022
2230.907366
2231.435798
2233.819489
2233.824587
2234.259539
2234.270975
2235.723594
2235.73432
2240.956717
2240.956986
2240.964448
2248.816361
2248.823476
2249.266394
2249.276505
2251.017331
2251.017598
2251.022735
2261.065348
2261.065629
2261.075497
2261.751683
2263.825216
2263.829811
2264.285249
2264.295033
2269.223515
2269.240465
2271.122859
2271.123098
2271.130823
2278.828087
2278.83656
2279.288099
2279.299492
2281.146642
2281.14693
2281.155004
2291.179742
2291.180074
2291.190076
2292.051188
2293.839924
2293.84389
2294.299968
2294.314084
2301.231642
2301.231943
2301.240912
2306.223623
2306.243251
2308.844783
2308.849613
2309.314841
2309.326094
2311.289157
2311.289424
2311.296644
2321.342221
2321.343242
2321.352908
2322.371193
2323.851667
2323.855631
2324.331673
2324.342147
2331.399911
2331.400248
2331.409782
2338.850512
2338.857911
2339.340555
2339.352107
2341.456676
2341.456946
2341.488477
2342.787725
2342.835649
2342.839735
2342.845975
2351.523896
2351.524165
2351.533493
2352.689961
2353.865346
2353.86936
2354.355382
2354.366741
2361.572371
2361.572638
2361.581906
2368.871224
2368.884413
2369.371246
2369.385108
2371.630012
2371.630268
2371.640356
2376.223636
2376.246387
2381.655056
2381.655361
2381.663025
2383.022002
2383.881107
2383.885566
2384.381112
2384.393293
2391.678239
2391.678523
2391.687348
2398.876928
2398.883607
2399.391987
2399.405785
2401.69321
2401.693456
2401.696586
2411.744469
2411.744749
2411.755773
2413.333274
2413.884809
2413.88873
2414.404844
2414.416045
2416.723982
2416.734347
2421.801636
2421.80187
2421.812582
2428.890668
2428.898793
2429.420693
2429.430047
2432.161552
2432.161876
2432.168971
2442.191118
2442.191387
2442.202411
2443.636875
2443.901526
2443.904719
2444.431538
2444.443164
2452.233308
2452.233601
2452.243063
2458.902392
2458.910302
2459.442432
2459.452381
2462.278537
2462.278808
2462.285968
2467.223846
2467.240593
2472.31094
2472.311259
2472.322308
2473.915249
2473.919879
2473.939826
2474.455274
2474.466084
2482.363502
2482.363782
2482.372655
2488.919106
2488.926534
2489.469134
2489.479931
2492.400155
2492.400415
2492.407595
2499.875572
2500.87591
2502.456655
2502.456941
2502.466125
2502.875987
2503.934956
2503.94038
2504.235447
2504.477997
2504.484671
2506.876263
2507.224131
2507.234951
2512.510874
2512.51113
2512.514694
2512.528144
2512.707162
2512.707352
2512.85465
2513.034241
2513.334225
2513.528549
2513.961582
2514.160169
2514.160364
2514.415065
2514.604682
2514.615473
2514.616693
2514.80632
2514.87675
2515.676938
2515.867098
2515.883167
2516.122243
2516.378697
2516.384238
2516.742811
2516.754796
2516.774816
2517.13366
2517.13429
2517.134413
2517.148503
2517.507266
2517.507445
2517.507565
2517.520789
2517.520953
2517.671556
2517.671976
2517.672374
2518.031079
2518.031255
2518.040159
2518.044894
2518.045188
2518.422101
2518.434031
2518.579931
2518.580467
2518.938563
2518.938814
2518.946665
2518.949829
2518.949983
2518.956484
2519.478858
2519.484601
2522.55758
2522.557868
2522.565301
2526.82584
2526.826795
2527.18483
2527.205775
2527.215232
2530.8777
2532.605817
2532.606064
2532.619715
2533.950682
2533.954701
2534.480721
2534.49193
2534.543355
2542.66717
2542.667583
2542.676813
2547.22343
2547.241846
2548.951543
2548.955636
2549.491583
2549.504836
2552.696169
2552.696481
2552.704001
2561.052676
2561.053422
2561.411291
2561.431543
2561.43791
2562.726623
2562.726898
2562.734176
2562.878528
2563.952409
2564.041315
2564.502451
2564.513424
2564.850882
2572.771988
2572.772225
2572.781764
2575.929535
2579.045278
2579.063592
2579.515311
2579.52648
2582.804697
2582.804948
2582.811932
2583.723517
2583.734275
2592.856036
2592.856312
2592.865518
2594.064119
2594.076003
2594.534158
2594.54524
2595.146686
2602.5679
2602.572307
2602.913886
2602.914154
2602.921594
2602.92617
2602.930255
2602.932274
2602.934534
2609.07699
2609.094445
2609.537015
2609.54752
2610.955429
2610.955715
2610.956205
2610.956368
2610.956562
2610.956697
2610.957208
2610.957398
2610.957577
2610.95771
2610.958188
2610.958363
2610.958535
2610.958657
2610.958808
2610.958933
2610.959134
2610.959258
2610.959413
2610.959541
2612.964788
2612.965053
2612.972539
2613.955459
2613.955652
2613.956392
2613.956543
2613.9567
2613.956833
2613.957357
2613.957533
2613.957698
2613.957845
2613.958356
2613.958544
2613.958722
2613.958854
2613.959005
2613.95916
2613.959416
2613.959553
2613.959714
2613.959869
2616.95564
2616.955836
2616.956551
2616.956701
2616.95686
2616.956992
2616.957569
2616.957734
2616.957901
2616.958035
2616.958536
2616.958707
2616.958898
2616.95903
2616.959533
2616.959684
2616.959839
2616.959962
2616.960114
2616.96024
2617.724462
2617.743407
2623.016876
2623.017134
2623.026735
2624.094861
2624.106421
2624.554876
2624.565827
2625.444284
2633.052214
2633.052491
2633.061805
2636.024219
2639.106697
2639.123403
2639.563737
2639.573489
2642.853844
2642.91305
2642.920393
2642.924149
2643.094709
2643.09499
2643.114095
2653.122446
2653.122722
2653.131988
2654.124558
2654.135438
2654.570598
2654.583227
2655.760027
2663.171032
2663.171305
2663.181734
2669.127428
2669.146646
2669.577458
2669.586735
2673.200474
2673.200807
2673.210002
2677.724898
2677.743049
2683.227857
2683.228095
2683.237752
2684.154301
2684.165733
2684.594327
2684.604967
2686.089848
2693.279893
2693.280158
2693.289702
2696.175954
2699.15714
2699.174133
2699.59717
2699.608913
2703.329241
2703.33108
2703.338658
2713.3884
2713.388652
2713.398396
2714.169013
2714.179794
2714.609031
2714.619902
2716.447517
2718.225215
2718.237235
2723.44421
2723.444492
2723.453746
2723.711155
2723.712446
2729.179882
2729.183884
2729.619892
2729.63227
2733.501188
2733.50145
2733.508938
2743.553362
2743.553616
2743.563007
2744.182738
2744.193572
2744.632766
2744.643738
2746.750356
2753.596424
2753.596734
2753.606033
2758.224506
2758.242339
2759.19057
2759.2015
2759.64062
2759.651321
2763.965339
2763.965609
2763.974187
2774.021094
2774.021354
2774.030679
2774.204436
2774.211563
2774.654455
2774.666986
2777.056076
2784.057909
2784.058543
2784.068204
2789.213295
2789.228698
2789.673333
2789.683984
2793.724537
2793.747563
2794.113921
2794.114146
2794.120954
2804.168372
2804.168626
2804.177834
2804.233166
2804.240002
2804.683205
2804.698953
2806.160832
2806.910435
2807.660411
2807.72434
2814.217757
2814.218064
2814.226396
2819.24501
2819.261698
2819.701044
2819.713163
2824.273845
2824.274166
2824.282959
2829.224571
2829.243434
2834.263873
2834.281716
2834.296213
2834.296487
2834.305248
2834.715903
2834.727
2838.039528
2844.329191
2844.329478
2844.338429
2849.278747
2849.295872
2849.728758
2849.742125
2854.345953
2854.346271
2854.355496
2864.286603
2864.304906
2864.379677
2864.37995
2864.389272
2864.745641
2864.756091
2868.346245
2869.224881
2869.23583
2874.425281
2874.425532
2874.435307
2879.305468
2879.326458
2879.765475
2879.775553
2884.461617
2884.461923
2884.471113
2894.326312
2894.343492
2894.509296
2894.509563
2894.516957
2894.769337
2894.777875
2898.64398
2904.549765
2904.550071
2904.559012
2909.225154
2909.24345
2909.337171
2909.353237
2909.777199
2909.787882
2914.586025
2914.586279
2914.595236
2919.498921
2919.499133
2919.699216
2920.448972
2921.198983
2924.350038
2924.361332
2924.637579
2924.637835
2924.645721
2924.790055
2924.801489
2924.805203
2924.805374
2925.00547
2925.755239
2926.5052
2926.897084
2927.897365
2928.966844
2929.178469
2929.178686
2929.378739
2929.897469
2930.128504
2930.878439
2933.897679
2934.66273
2934.662977
2934.671078
2939.36089
2939.378687
2939.800931
2939.811571
2941.898244
2942.93132
2942.988676
2942.993993
2942.999339
2944.682
2944.682347
2944.689285
2954.382749
2954.399875
2954.73887
2954.739148
2954.747217
2954.812768
2954.821116
2957.898204
2959.27451
2965.099594
2965.099819
2965.109758
2969.40361
2969.42056
2969.82365
2969.834313
2975.122245
2975.122489
2975.131852
2979.725186
2979.752071
2984.418477
2984.436421
2984.828492
2984.839195
2985.173684
2985.173943
2985.180794
2989.591221
2989.898994
2995.225005
2995.225258
2995.234973
2999.444334
2999.462173
2999.844352
2999.854939
3005.25482
3005.255057
3005.26402
3014.456186
3014.474497
3014.846209
3014.860622
3015.297881
3015.298138
3015.304955
3019.224457
3019.23535
3019.900991
3025.33857
3025.341505
3025.363104
3029.467056
3029.484807
3029.857071
3029.867507
3035.392348
3035.392598
3035.402702
3044.477915
3044.496834
3044.867932
3044.878558
3045.423537
3045.42379
3045.431232
3050.210874
3055.480487
3055.480732
3055.489419
3059.496766
3059.50729
3059.876796
3059.88653
3060.2248
3060.235365
3065.529358
3065.529587
3065.539118
3074.507644
3074.525066
3074.887643
3074.898309
3075.576427
3075.576728
3075.583408
3080.533527
3085.605416
3085.605671
3085.615166
3089.518501
3089.529493
3089.89852
3089.909173
3094.224746
3094.245862
3095.659745
3095.660004
3095.666895
3104.529354
3104.544139
3104.909371
3104.926497
3105.715763
3105.71607
3105.72318
3110.856234
3115.772411
3115.772685
3115.781867
3119.540201
3119.554977
3119.930226
3119.942346
3125.825873
3125.826159
3125.835519
3130.72485
3130.742041
3134.554083
3134.56504
3134.944116
3134.954858
3135.873232
3135.873492
3135.880674
3141.167965
3145.930572
3145.930834
3145.938926
3149.559936
3149.571019
3149.949958
3149.962901
3155.980374
3155.980628
3155.991307
3164.574805
3164.964829
3164.995563
3165.574877
3165.585995
3166.019284
3166.019582
3166.028324
3169.225041
3169.2377
3171.483797
3176.063704
3176.063983
3176.073705
3179.995685
3180.006697
3180.595704
3180.608783
3186.114877
3186.115147
3186.124114
3195.015535
3195.032923
3195.615567
3195.626235
3196.16858
3196.168846
3196.176521
3201.795527
3206.194089
3206.19435
3206.203609
3210.034409
3210.044454
3210.634432
3210.64563
3210.724415
3210.730943
3216.22156
3216.221845
3216.232995
3217.649011
3217.764842
3225.045266
3225.062719
3225.645295
3225.656013
3226.265257
3226.265524
3226.273547
3232.111205
3236.293194
3236.293502
3236.303763
3240.06311
3240.072499
3240.663153
3240.67506
3243.005018
3243.061945
3243.069345
3243.072547
3246.3476
3246.347843
3246.355129
3255.067982
3255.086168
3255.668013
3255.67787
3256.389756
3256.390123
3256.397481
3262.418829
3266.432205
3266.432507
3266.439813
3270.091842
3270.102828
3270.681883
3270.69662
3276.489627
3276.489919
3276.499852
3281.224466
3281.244455
3285.099707
3285.109495
3285.699748
3285.71037
3286.544013
3286.544261
3286.55237
3292.729603
3296.599295
3296.599553
3296.606923
3300.109569
3300.120599
3300.709602
3300.720183
3306.644177
3306.64442
3306.651839
3315.12443
3315.142688
3315.724482
3315.736233
3316.672974
3316.673245
3316.67743
3319.724698
3319.735611
3323.069406
3326.719655
3326.719941
3326.729254
3330.143279
3330.154475
3330.743334
3330.754152
3336.762669
3336.762974
3336.772306
3345.154149
3345.1719
3345.754184
3345.766025
3346.811753
3346.812041
3346.819538
3353.38506
3353.916875
3354.916782
3356.865378
3356.865682
3356.872934
3356.917021
3360.174022
3360.184963
3360.774049
3360.784884
3360.917134
3361.725076
3361.739418
3366.902512
3366.902764
3366.912314
3368.917695
3375.182847
3375.201069
3375.782883
3375.793605
3376.945136
3376.945421
3376.952696
3383.702797
3384.918605
3386.996012
3386.996243
3387.003293
3390.205722
3390.216562
3390.795757
3390.810093
3395.725014
3395.753913
3397.041437
3397.04168
3397.049112
3405.221605
3405.239895
3405.811636
3405.822268
3406.325748
3406.325987
3406.529286
3407.093658
3407.093906
3407.100729
3407.278801
3408.028763
3410.780951
3411.531107
3412.281124
3413.039444
3413.789193
3414.034464
3414.539152
3416.919427
3417.144405
3417.144715
3417.152212
3420.24443
3420.257563
3420.824477
3420.837751
3427.200642
3427.200998
3427.210296
3431.725084
3431.743644
3435.257294
3435.26875
3435.837347
3435.848153
3437.258178
3437.258485
3437.266047
3444.376284
3447.288996
3447.289247
3447.296649
3450.271152
3450.282058
3450.851191
3450.862191
3457.316507
3457.316733
3457.32612
3465.284009
3465.302959
3465.86407
3465.874055
3467.371029
3467.371248
3467.378303
3470.224284
3470.235151
3474.731035
3477.413443
3477.413666
3477.421509
3480.297866
3480.309237
3480.867929
3480.878675
3487.44692
3487.447397
3487.456607
3495.311731
3495.328958
3495.881786
3495.921766
3497.49851
3497.517586
3497.527053
3504.956602
3504.956873
3504.957418
3504.957595
3504.957777
3504.957905
3504.958373
3504.95855
3504.95873
3504.958857
3504.959385
3504.959566
3504.959731
3504.959848
3504.960394
3504.960566
3504.960786
3504.960933
3504.961087
3504.961213
3505.073776
3507.538034
3507.538311
3507.545601
3507.956664
3507.95686
3507.957594
3507.95774
3507.9579
3507.958039
3507.958571
3507.958741
3507.958901
3507.959028
3507.959611
3507.959762
3507.959943
3507.960071
3507.960551
3507.960727
3507.960908
3507.961036
3507.961571
3507.961738
3510.332595
3510.343973
3510.922626
3510.934879
3510.956806
3510.956962
3510.957758
3510.957918
3510.958077
3510.958204
3510.958724
3510.958901
3510.959066
3510.959211
3510.959724
3510.9599
3510.960052
3510.960168
3510.960746
3510.96093
3510.961079
3510.961225
3510.961723
3510.9619
3512.224682
3512.237175
3517.594456
3517.594724
3517.606207
3525.343448
3525.36292
3525.93349
3525.944582
3527.650921
3527.651161
3527.658204
3535.374734
3537.691734
3537.691996
3537.699251
3540.364324
3540.375671
3540.943337
3540.954438
3543.080814
3543.117225
3543.126877
3543.127716
3547.72833
3547.728597
3547.73764
3555.374193
3555.392072
3555.954193
3555.965704
3557.775491
3557.775737
3557.783347
3565.701199
3567.819653
3567.819926
3567.826871
3570.388038
3570.398896
3570.958059
3570.969297
3577.867184
3577.86748
3577.876948
3582.724729
3582.742301
3585.404915
3585.417295
3585.974901
3585.985713
3587.922946
3587.923194
3587.933147
3596.226948
3597.980155
3597.980407
3597.995266
3600.42376
3600.437626
3600.983782
3600.993747
3608.042724
3608.042941
3608.052417
3615.442628
3615.460701
3615.992639
3616.004362
3618.087651
3618.08792
3618.097237
3620.224851
3620.235654
3626.52973
3628.146024
3628.146324
3628.15316
3630.465478
3630.4765
3631.00551
3631.016828
3638.2052
