3.942829
3.9431
3.949829
4.072873
4.121237
4.910914
4.918028
8.258087
8.488103
8.488261
8.4987
8.670776
8.675279
8.700501
8.872449
8.872608
8.872982
8.880371
8.880598
9.051948
9.056492
9.150054
9.150345
9.150592
9.322037
9.324753
9.329186
9.332483
9.505213
9.50536
9.512703
9.512955
9.520584
9.523587
9.550166
9.554725
9.695526
12.103499
12.368799
13.957786
13.958017
13.962245
18.972922
19.121751
19.125349
19.911833
19.920164
23.974455
23.974671
23.981608
31.038066
31.041794
31.054738
31.056579
31.064727
31.065636
32.040112
33.993364
33.993642
33.998427
34.122583
34.126981
34.922646
34.929489
42.674473
44.015284
44.015524
44.021013
48.550414
48.561986
49.124462
49.131603
49.934542
49.941281
54.035893
54.036146
54.042795
64.05772
64.057956
64.065233
64.135306
64.139794
64.945359
64.952184
72.986311
74.068269
74.06857
74.075441
76.024159
79.146174
79.151166
79.956212
79.966893
82.978494
84.050469
84.068538
84.096539
84.096803
84.103487
94.122621
94.122878
94.13241
94.151048
94.160337
94.961083
94.972068
96.058292
103.304914
104.162487
104.163773
104.172355
109.162899
109.179571
109.972948
109.983952
114.207966
114.208243
114.217112
119.050451
119.06864
124.184745
124.205928
124.254837
124.25514
124.258767
124.986787
124.997815
133.652001
134.295456
134.295745
134.305072
139.204611
139.322378
139.991691
140.087841
144.339039
144.339303
144.348943
154.32747
154.344789
154.392203
154.392423
154.395311
155.082524
155.093295
159.050732
159.062419
164.12963
164.426164
164.426442
164.429418
169.347335
169.364236
170.09639
170.107201
174.479776
174.480022
174.488899
184.359191
184.376619
184.500897
184.501186
184.506927
185.10025
185.113248
194.438468
194.551333
194.551603
194.560099
199.370059
199.387166
199.551056
199.559415
200.110101
200.120953
204.592368
204.592669
204.601796
214.380922
214.398126
214.6317
214.631974
214.638911
215.120968
215.132879
224.660929
224.661208
224.670321
224.75433
229.388782
229.405786
230.129828
230.140324
234.051016
234.061747
234.717755
234.718076
234.725082
244.399642
244.417714
244.768999
244.769281
244.77135
245.1407
245.151559
254.815137
254.815423
254.824654
255.080769
259.412503
259.427472
260.14856
260.16295
264.830435
264.83071
264.838482
266.008899
266.0636
266.067939
266.074114
274.427365
274.444878
274.883503
274.883759
274.891037
275.167407
276.167453
276.175132
284.909547
284.90986
284.919122
285.398672
289.442223
289.466098
291.172335
291.181297
294.931931
294.932235
294.939454
299.550762
299.567632
304.467091
304.484656
304.972189
304.972465
304.979674
306.18418
306.194916
315.016498
315.016824
315.023184
315.713125
319.485947
319.496441
319.512123
321.197038
321.206829
325.055215
325.055484
325.05977
334.497816
334.512228
335.07072
335.070982
335.076086
336.207904
336.219555
339.051026
339.055704
345.099861
345.100145
345.103444
346.037871
349.509672
349.519271
351.219762
351.233705
355.150022
355.150289
355.153117
364.521525
364.531461
365.181568
365.181841
365.189095
366.231628
366.242615
375.234537
375.2348
375.244056
376.119923
376.348691
377.120359
379.120479
379.532384
379.544564
380.051374
380.056038
381.242485
381.253534
383.120704
385.283672
385.283947
385.295607
391.121227
394.544262
394.562364
395.326903
395.327201
395.33478
396.254353
396.265346
405.383509
405.383761
405.393327
406.671341
407.121171
409.565128
409.574372
411.265204
411.277518
414.551372
414.56236
415.409124
415.409406
415.417333
424.575975
424.593684
425.453802
425.454134
425.45874
426.276078
426.286349
435.487509
435.4878
435.496928
436.992272
439.121073
439.596825
439.608106
441.286924
441.298224
445.531249
445.531558
445.541436
450.051413
450.057572
454.600689
454.618089
455.576582
455.576857
455.584001
456.300783
456.311727
465.628251
465.628535
465.638654
467.300768
469.611551
469.622599
471.311639
471.321403
475.64743
475.647703
475.656935
484.622402
484.640521
485.69719
485.697453
485.71754
486.32251
486.335524
489.551663
489.587491
495.745954
495.746196
495.756243
497.606769
499.642258
499.652977
501.332359
501.343424
505.796788
505.797176
505.806548
514.653134
514.670504
515.831918
515.832193
515.841493
516.34324
516.354734
525.873605
525.873913
525.880168
527.955352
529.670997
529.68218
530.551994
530.562874
531.350097
531.361076
535.913774
535.914047
535.920932
541.657761
541.657999
541.858101
542.607893
543.357793
544.681837
544.75565
545.937294
545.93755
545.939562
546.366926
546.374681
555.981633
555.981914
555.991659
558.277068
559.756708
559.767624
561.376805
561.38956
564.551961
564.563991
566.038567
566.03882
566.042656
566.083764
566.137681
566.142556
566.148349
574.758565
574.778565
576.063348
576.063633
576.066664
576.392654
576.408728
586.095545
586.095817
586.100971
588.60493
589.785426
589.79481
591.41552
591.426638
596.14798
596.148224
596.158232
601.052071
601.058565
604.796272
604.800464
606.198957
606.199262
606.203233
606.41838
606.42555
616.223455
616.223705
616.232911
618.940509
619.80815
619.822105
621.419238
621.430378
626.276862
626.277128
626.286195
634.825012
634.842309
636.323182
636.323428
636.336471
636.433087
636.439993
639.551256
639.562154
646.385395
646.385695
646.394835
649.261434
649.845876
649.856559
651.446006
651.458424
656.419492
656.419744
656.429108
664.856714
664.873984
666.466824
666.467474
666.4677
666.476664
666.476822
676.515957
676.516226
676.526167
679.577195
679.877589
679.885067
681.051629
681.056059
681.477675
681.488544
686.573915
686.574223
686.583466
694.87844
694.894309
696.488533
696.500088
696.592121
696.592408
696.598635
706.653911
706.654215
706.66575
709.889305
709.899667
709.902852
711.499402
711.510558
714.551549
714.562393
716.70706
716.70736
716.714405
724.900162
724.917319
726.510262
726.523129
726.758389
726.758658
726.766956
736.783886
736.784152
736.793126
739.911011
739.923453
740.221455
741.52111
741.531973
746.819493
746.819778
746.828893
751.551673
751.56989
754.921864
754.932903
756.531988
756.550163
756.83528
756.83557
756.842281
766.86459
766.864876
766.873935
769.933719
769.94276
770.535242
771.553822
771.564818
776.899891
776.900222
776.909386
784.94559
784.960685
786.565682
786.578383
786.937681
786.937991
786.944653
789.551844
789.566694
796.982863
796.983171
796.990314
799.966475
799.977388
800.855158
801.586546
801.597599
803.137706
804.137789
806.137925
807.020267
807.020541
807.025795
810.138161
814.977292
814.990797
816.597396
816.608224
817.069154
817.069425
817.074597
818.138707
827.124911
827.125201
827.134172
829.989168
829.994206
831.175777
831.609291
831.620187
832.051275
832.055681
834.139618
837.190372
837.190718
837.2149
844.991034
844.998125
846.621128
846.631951
846.72942
846.729721
846.730233
846.730403
846.731235
846.731411
846.731559
846.731705
846.732272
846.732442
846.732577
846.732723
846.733293
846.73356
846.733723
846.73385
846.734287
846.734466
846.734631
846.734752
847.212806
847.213069
847.219907
849.729464
849.72968
849.730328
849.730452
849.731371
849.731497
849.731636
849.731757
849.732331
849.732455
849.732597
849.732717
849.733332
849.733458
849.733593
849.733714
849.73433
849.734455
849.734586
849.734715
852.729644
852.729844
852.730628
852.730782
852.731577
852.731754
852.731905
852.73204
852.732568
852.732742
852.732925
852.733045
852.733665
852.733822
852.733969
852.734118
852.734519
852.734656
852.734806
852.734929
857.235569
857.23585
857.244942
859.991898
859.996601
861.484461
861.631996
861.638704
866.140433
866.16163
866.202833
866.220804
866.313536
867.288322
867.288666
867.296159
874.993762
875.011234
876.643857
876.654846
877.646731
877.647012
877.655946
887.705038
887.705321
887.714563
890.014618
890.020192
891.6547
891.665896
891.801413
897.754278
897.754522
897.763726
902.551313
902.569156
905.025466
905.030933
906.66556
906.677043
907.803353
907.803615
907.810751
917.859568
917.859897
917.869241
920.037372
920.043747
921.677415
921.694201
922.113166
927.898366
927.898671
927.932277
935.047198
935.054502
936.693291
936.704733
937.932887
937.933147
937.944063
939.551433
939.562332
947.987678
947.988089
947.997586
950.057046
950.061759
951.707143
951.717638
952.423597
958.042866
958.043106
958.048317
965.058911
965.066131
966.709012
966.719974
968.061157
968.061423
968.084257
973.051352
973.061511
978.114848
978.115159
978.121252
980.05977
980.091051
981.719867
981.730846
982.739466
988.167041
988.16733
988.177074
995.090663
995.097624
996.730728
996.740032
998.216171
998.21645
998.22542
1008.269881
1008.27015
1008.282427
1010.091492
1010.09698
1011.741607
1011.750937
1013.051641
1013.056278
1013.057276
1018.299482
1018.299755
1018.308589
1025.093366
1025.104502
1026.753452
1026.784899
1028.340049
1028.340307
1028.350684
1038.385883
1038.386165
1038.396759
1040.104203
1040.110272
1041.784309
1041.788767
1043.35985
1046.551564
1046.562558
1048.43168
1048.431943
1048.439105
1049.979955
1055.115085
1055.121124
1056.795172
1056.803523
1058.485167
1058.485436
1058.493524
1068.524615
1068.524908
1068.537983
1070.126934
1070.131585
1071.807043
1071.816566
1073.700674
1078.877459
1078.877727
1078.886965
1083.551678
1083.569045
1085.128792
1085.13284
1086.808879
1086.821083
1088.913292
1088.913567
1088.920795
1089.112267
1089.159164
1089.159387
1089.176356
1089.216185
1089.222703
1089.237975
1089.278613
1089.281779
1089.281871
1089.29037
1089.290516
1089.331893
1089.410953
1089.426151
1089.464273
1089.464874
1089.464961
1089.470503
1089.470737
1089.529957
1089.610846
1089.88588
1089.894217
1089.899291
1089.938707
1090.040636
1090.042847
1090.053813
1090.093335
1090.198568
1090.206635
1090.211922
1090.250376
1090.35708
1090.363433
1090.369368
1090.408885
1090.512627
1090.5198
1090.543437
1090.580784
1090.682422
1090.691009
1091.048594
1091.088974
1091.215966
1091.218059
1091.221293
1091.260754
1091.305992
1091.320136
1091.326663
1091.34462
1091.362236
1091.36239
1091.362716
1091.372463
1091.386517
1091.38669
1091.398279
1091.537931
1091.538307
1091.538648
1091.553047
1091.553564
1091.561897
1091.564941
1091.568863
1091.582905
1091.597793
1091.602859
1091.60916
1091.609353
1091.635997
1091.673868
1091.856391
1091.857592
1091.871361
1091.889863
1091.890014
1091.890098
1091.899634
1091.899781
1092.00972
1092.012677
1092.059989
1092.100561
1092.210504
1092.212694
1092.353749
1092.393142
1092.52069
1092.525037
1092.537434
1092.579052
1092.67854
1092.682714
1092.817881
1092.855078
1092.859726
1092.87558
1092.913713
1092.915349
1092.915457
1092.920329
1092.963648
1093.043542
1093.046367
1093.086888
1093.087485
1093.087577
1093.091868
1093.09206
1093.200684
1093.280068
1093.545282
1093.548651
1093.608893
1093.647574
1093.749695
1093.754823
1093.785451
1093.823765
1093.919369
1093.924524
1093.936822
1093.973148
1094.076309
1094.078464
1094.087994
1094.104947
1094.127013
1094.131674
1094.145394
1094.149646
1094.172424
1098.965254
1098.965535
1098.970728
1100.134655
1100.14093
1101.825766
1101.830284
1104.02543
1109.004079
1109.004346
1109.011417
1115.146514
1115.1562
1116.836612
1116.848766
1119.057753
1119.058033
1119.061079
1120.051765
1120.055546
1129.095041
1129.095335
1129.102718
1130.157365
1130.165197
1131.857445
1131.868788
1134.328107
1139.109934
1139.110208
1139.113533
1140.422516
1140.422955
1140.437196
1140.595302
1140.602726
1140.759775
1140.760549
1140.774334
1140.790506
1140.790661
1140.791044
1140.800186
1140.800307
1140.814133
1140.814267
1140.814423
1140.814515
1140.814601
1140.817172
1140.821343
1140.821443
1140.831199
1140.831345
1140.840701
1141.602115
1142.352193
1143.102164
1145.161216
1145.29159
1146.872337
1146.92582
1149.168175
1149.168543
1149.173177
1154.051714
1154.057922
1159.215548
1159.215794
1159.227021
1160.295099
1160.30605
1161.925194
1161.936503
1164.636785
1166.323126
1166.34401
1166.351636
1166.354664
1169.263045
1169.263334
1169.270572
1175.304985
1175.323195
1176.935056
1176.946355
1179.31954
1179.319838
1179.327558
1181.343777
1181.348079
1181.357592
1181.361811
1181.364767
1181.371578
1189.376804
1189.377072
1189.386034
1190.323819
1190.335415
1191.945924
1191.957131
1194.974622
1199.410414
1199.410697
1199.420253
1204.051583
1204.069494
1205.336672
1205.347745
1206.95678
1206.967737
1209.446618
1209.446953
1209.454047
1219.484788
1219.485077
1219.493489
1220.347531
1220.362153
1221.967619
1221.978516
1225.296283
1229.518292
1229.518534
1229.527815
1230.157382
1231.157251
1233.157362
1235.359391
1235.377297
1236.979502
1236.992926
1237.157596
1239.567317
1239.567589
1239.575011
1245.158148
1249.624269
1249.62451
1249.636052
1250.374268
1250.385047
1251.990362
1252.001833
1255.61302
1259.666983
1259.667238
1259.675542
1261.158014
1265.386127
1265.405623
1267.006224
1267.017089
1269.712807
1269.713099
1269.720139
1274.551613
1274.568611
1279.787457
1279.787744
1279.796852
1280.402986
1280.413854
1282.010081
1282.026501
1285.929878
1289.836574
1289.836877
1289.843952
1293.158912
1295.416846
1295.430009
1297.026937
1297.038322
1299.891131
1299.891415
1299.898839
1309.949766
1309.950018
1309.958372
1310.429697
1310.440994
1312.039798
1312.050877
1314.551906
1314.562991
1316.248595
1319.966797
1319.967104
1319.974277
1325.446564
1325.46465
1327.05666
1327.067617
1330.022439
1330.022689
1330.029797
1340.077418
1340.077693
1340.086798
1340.467399
1340.477999
1342.067516
1342.079202
1346.56231
1350.134583
1350.134865
1350.141951
1355.051219
1355.069793
1355.47429
1355.487468
1357.084358
1357.095327
1360.15743
1360.157702
1360.164781
1370.204457
1370.20472
1370.213729
1370.484121
1370.494123
1372.094245
1372.107491
1376.909321
1380.261492
1380.261795
1380.269427
1385.494987
1385.514148
1387.105101
1387.117753
1390.051225
1390.062111
1390.30959
1390.309901
1390.317666
1400.333158
1400.333435
1400.344157
1400.515867
1400.522411
1402.11595
1402.126932
1407.245649
1410.386253
1410.38654
1410.393298
1415.526703
1415.543996
1417.126796
1417.145088
1420.438533
1420.438818
1420.446276
1425.05124
1425.071635
1430.464902
1430.465192
1430.474815
1430.54358
1430.552369
1432.143672
1432.151886
1437.566788
1440.497695
1440.49797
1440.505525
1445.557434
1445.574724
1447.157538
1447.168209
1450.540626
1450.540929
1450.548011
1460.572304
1460.59038
1460.593567
1460.59385
1460.600388
1462.172383
1462.183332
1465.551551
1465.562523
1466.367063
1466.415762
1466.423062
1466.426875
1467.880304
1470.63429
1470.634578
1470.64464
1475.593152
1475.604401
1477.18323
1477.245362
1479.609466
1479.609721
1479.809816
1480.559465
1480.969047
1480.969368
1480.976464
1481.309616
1482.084832
1482.834609
1483.584637
1484.587042
1485.336871
1486.086772
1486.86154
1487.610896
1488.360955
1489.161178
1489.911077
1490.604992
1490.618823
1490.661063
1491.008735
1491.008987
1491.016235
1491.434808
1492.184209
1492.245104
1492.252379
1492.934182
1498.221963
1501.057697
1501.057959
1501.065761
1505.625888
1505.637544
1506.051879
1506.062541
1507.25595
1507.268086
1511.106453
1511.106757
1511.114648
1520.637736
1520.653001
1521.162436
1521.162695
1521.16976
1522.267816
1522.278656
1528.539591
1531.196901
1531.197221
1531.205361
1535.651562
1535.669968
1537.281675
1537.292598
1540.551857
1540.56275
1541.212588
1541.212882
1541.220153
1550.672457
1550.691072
1551.264223
1551.264488
1551.270248
1552.292531
1552.303103
1558.873376
1561.311415
1561.311887
1561.318882
1565.694306
1565.712373
1567.304428
1567.316201
1571.400967
1571.401284
1571.424514
1576.051871
1576.070307
1580.709182
1580.726886
1581.441577
1581.441804
1581.449245
1582.311268
1582.32213
1589.193148
1591.498479
1591.498988
1591.5071
1595.722013
1595.739475
1597.321127
1597.33202
1601.552854
1601.553174
1601.562845
1610.742901
1610.760214
1611.597475
1611.59772
1611.605022
1612.33699
1612.424132
1615.55213
1615.562904
1619.511072
1621.654453
1621.654747
1621.66185
1625.763739
1625.790097
1627.423875
1627.434825
1631.700101
1631.700377
1631.711766
1640.795611
1640.814708
1641.733309
1641.733653
1641.736649
1642.435707
1642.446772
1649.831649
1651.783522
1651.783818
1651.7909
1655.817454
1655.84087
1656.551479
1656.562079
1657.176224
1657.447565
1657.458459
1658.175675
1660.175849
1661.812223
1661.812505
1661.821861
1664.176154
1670.843314
1670.861379
1671.869009
1671.869405
1671.876397
1672.176666
1672.458431
1672.474045
1680.149502
1681.92568
1681.925987
1681.933476
1685.864217
1685.875077
1687.473296
1687.484287
1688.177523
1690.551435
1690.56239
1691.982662
1691.982937
1691.990196
1700.876036
1700.893478
1702.039197
1702.039446
1702.04636
1702.485128
1702.495631
1710.465153
1712.09589
1712.09613
1712.103008
1715.896905
1715.907803
1717.497008
1717.511306
1720.17839
1722.150655
1722.150941
1722.159814
1727.051526
1727.070431
1730.907772
1730.918731
1732.192457
1732.192764
1732.200131
1732.51187
1732.518545
1740.731674
1740.732054
1740.732412
1740.732549
1740.73341
1740.733544
1740.733707
1740.733839
1740.734397
1740.734548
1740.734707
1740.734826
1740.735381
1740.735528
1740.735702
1740.735834
1740.736412
1740.736571
1740.736758
1740.736891
1740.79099
1741.588995
1742.24955
1742.249828
1742.259574
1742.338535
1743.088636
1743.731716
1743.731921
1743.732614
1743.732779
1743.733604
1743.733778
1743.733931
1743.734055
1743.734605
1743.734767
1743.734948
1743.735076
1743.735604
1743.735781
1743.735948
1743.736085
1743.736654
1743.736808
1743.736965
1743.737121
1745.920642
1745.931698
1746.731901
1746.732133
1746.732774
1746.732966
1746.73377
1746.733904
1746.734106
1746.734237
1746.734727
1746.734869
1746.735052
1746.735181
1746.735724
1746.735863
1746.736057
1746.736185
1746.736794
1746.736933
1746.73709
1746.737215
1747.520735
1747.531709
1752.280906
1752.281229
1752.290251
1760.931488
1760.94987
1762.322763
1762.323035
1762.330486
1762.531554
1762.538174
1765.552723
1765.567076
1766.435863
1766.4873
1766.494867
1766.498125
1771.118636
1772.366318
1772.366635
1772.373728
1775.952348
1775.963273
1777.542445
1777.553443
1782.422952
1782.423247
1782.432844
1790.96319
1790.981212
1792.479718
1792.480015
1792.486815
1792.553287
1792.559802
1801.43021
1802.531214
1802.531511
1802.538642
1805.984062
1805.995039
1807.053103
1807.06398
1807.564167
1807.574864
1812.580679
1812.58094
1812.589788
1820.99693
1821.014124
1822.577011
1822.588852
1822.622167
1822.622459
1822.629627
1831.745181
1832.655824
1832.656028
1832.663592
1836.017796
1836.028649
1837.597883
1837.608887
1840.553016
1840.565587
1842.691904
1842.692205
1842.699297
1851.02865
1851.046913
1852.608747
1852.619603
1852.710952
1852.711261
1852.717932
1862.050847
1862.751183
1862.751457
1862.758379
1866.041526
1866.052852
1867.621601
1867.632433
1872.798747
1872.799086
1872.811123
1877.553143
1877.570956
1881.051376
1881.078158
1882.631465
1882.642463
1882.847898
1882.848176
1882.856249
1892.368764
1892.902964
1892.903249
1892.910332
1896.082216
1896.09543
1897.642322
1897.653567
1902.922277
1902.922623
1902.934491
1911.09309
1911.110584
1912.653185
1912.664922
1912.95122
1912.951562
1912.95874
1916.052342
1916.063709
1922.676369
1922.994869
1922.995176
1923.002004
1926.113944
1926.125897
1927.664038
1927.67497
1933.010282
1933.010579
1933.02162
1941.124824
1941.140801
1942.674896
1942.78441
1943.022827
1943.023634
1943.030643
1952.991156
1953.073504
1953.073792
1953.080414
1956.145653
1956.156876
1957.78576
1957.79687
1958.052747
1958.059287
1963.127417
1963.127772
1963.136774
1971.15655
1971.174636
1972.796636
1972.808795
1973.170415
1973.170732
1973.177444
1983.203865
1983.204139
1983.21417
1983.298986
1986.1684
1986.179437
1987.811472
1987.822327
1992.552746
1992.572222
1993.248405
1993.248667
1993.2554
2001.18725
2001.20857
2002.827342
2002.838366
2003.304545
2003.304796
2003.312483
2013.355679
2013.356034
2013.370215
2013.609464
2016.218095
2016.230178
2017.8482
2017.859156
2023.412344
2023.412637
2023.421872
2028.052766
2028.071483
2031.22996
2031.242604
2032.860066
2032.871985
2033.429838
2033.430138
2033.43912
2043.458025
2043.45837
2043.468212
2043.935147
2046.240836
2046.251984
2047.870944
2047.881896
2053.496928
2053.497237
2053.509357
2061.251682
2061.269377
2062.882771
2062.893183
2063.52662
2063.526949
2063.553345
2066.052946
2066.06388
2066.506094
2066.539699
2066.550172
2066.650315
2073.587176
2073.587457
2073.596648
2074.249914
2076.276528
2076.287895
2077.896639
2077.90786
2083.638395
2083.638706
2083.650477
2084.194663
2085.19418
2087.194272
2091.194565
2091.279426
2091.297129
2092.899502
2092.911286
2093.693879
2093.694193
2093.700913
2099.195025
2103.747443
2103.74779
2103.757293
2104.556544
2106.291268
2106.303213
2107.911363
2107.922767
2108.552357
2108.56339
2113.766116
2113.766349
2113.775547
2115.195923
2121.304126
2121.328212
2122.92422
2122.937143
2123.80762
2123.80787
2123.81693
2133.866431
2133.866733
2133.876385
2134.855288
2136.33499
2136.346122
2137.935091
2137.946682
2142.55232
2142.62087
2143.884757
2143.885029
2143.892236
2147.196773
2151.345866
2151.362442
2152.945932
2152.956887
2153.90154
2153.90179
2153.908715
2163.919296
2163.919575
2163.92905
2165.15729
2166.366715
2166.377636
2167.956805
2167.968966
2173.96054
2173.960847
2173.970149
2178.552369
2178.572306
2181.371556
2181.383546
2182.973676
2182.987226
2183.986522
2183.98684
2183.992565
2194.017058
2194.017333
2194.026683
2195.456896
2196.380444
2196.391316
2197.980515
2197.998078
2204.05239
2204.052683
2204.06146
2211.391295
2211.408937
2212.991383
2213.009192
2214.090415
2214.09066
2214.097872
2216.052534
2216.062878
2224.118941
2224.119209
2224.128538
2225.768545
2226.412132
2226.425737
2228.012235
2228.023455
2234.143024
2234.14332
2234.154607
2241.423003
2241.441137
2243.023101
2243.033277
2244.181314
2244.181608
2244.189628
2254.231469
2254.231741
2254.246112
2256.077568
2256.44387
2256.476537
2258.033951
2258.049791
2259.052997
2259.064151
2264.259922
2264.260221
2264.269114
2271.474729
2271.491907
2273.054827
2273.06643
2274.303925
2274.304205
2274.316993
2284.326703
2284.326957
2284.337829
2286.379026
2286.495568
2286.502463
2288.065675
2288.081096
2293.053058
2293.072657
2294.367744
2294.368092
2294.375139
2301.506463
2301.523514
2303.086555
2303.098834
2304.414941
2304.415255
2304.423401
2314.450318
2314.45058
2314.459081
2316.527321
2316.539448
2316.683885
2318.107397
2318.120529
2324.489584
2324.489891
2324.501331
2329.053006
2329.071527
2331.548173
2331.559122
2333.118247
2333.12935
2334.509099
2334.509396
2334.517858
2341.644477
2342.393867
2343.143948
2344.5424
2344.542668
2344.549926
2346.559045
2346.573112
2346.990649
2348.129123
2348.138452
2354.599891
2354.600187
2354.613043
2361.569904
2361.58829
2363.139994
2363.151388
2364.633873
2364.63415
2364.641366
2366.55314
2366.564209
2366.661616
2366.695144
2366.703081
2366.706389
2374.652334
2374.652631
2374.664865
2376.590731
2376.602191
2377.317356
2378.150855
2378.162112
2384.689024
2384.689358
2384.699774
2391.60161
2391.622947
2393.161695
2393.172641
2394.739143
2394.739453
2394.746384
2404.793713
2404.794019
2404.803711
2406.622479
2406.634245
2407.622245
2408.172569
2408.27564
2409.552619
2409.563233
2414.809548
2414.809876
2414.818672
2421.633321
2421.652975
2423.273438
2423.287794
2424.863992
2424.864298
2424.871388
2434.906594
2434.906895
2434.91632
2436.654191
2436.666338
2437.947224
2438.284265
2438.291172
2443.052531
2443.071101
2444.938292
2444.938557
2444.947071
2451.665041
2451.682373
2453.295166
2453.306674
2454.988097
2454.988427
2454.995669
2465.007947
2465.008195
2465.018284
2466.685901
2466.693682
2468.25155
2468.305982
2468.313854
2475.065823
2475.066076
2475.077388
2481.689781
2481.709594
2483.315849
2483.32669
2485.113083
2485.113374
2485.120784
2488.053116
2488.064002
2495.133231
2495.133583
2495.143862
2496.717645
2496.728958
2498.32772
2498.338886
2498.559148
2505.178868
2505.179173
2505.188345
2511.215329
2511.728488
2511.744101
2512.215624
2513.338587
2513.349461
2514.215757
2515.199676
2515.199937
2515.208121
2518.215987
2525.243768
2525.24404
2525.255274
2526.21652
2526.740348
2526.751221
2528.350452
2528.361853
2528.854847
2530.05252
2530.06582
2535.283706
2535.284023
2535.294568
2541.751216
2541.769733
2542.21743
2543.361318
2543.415075
2545.320188
2545.32048
2545.327322
2555.361038
2555.361359
2555.370635
2556.77507
2556.785729
2558.413172
2558.424405
2559.170703
2565.416805
2565.417095
2565.426222
2570.052786
2570.07057
2571.783943
2571.795514
2573.424008
2573.43599
2574.217253
2575.462297
2575.462618
2575.469722
2585.513064
2585.513403
2585.522586
2586.794812
2586.806118
2588.434874
2588.446128
2589.476456
2595.569993
2595.570283
2595.579984
2601.805643
2601.822585
2603.445733
2603.460388
2605.610787
2605.611071
2605.618458
2606.552904
2606.563669
2615.667135
2615.667497
2615.676934
2616.826507
2616.837284
2618.459594
2618.470796
2619.776101
2625.72415
2625.724443
2625.733891
2631.837367
2631.855391
2633.477474
2633.489368
2634.732906
2634.733218
2634.733593
2634.733725
2634.73468
2634.73483
2634.734992
2634.735171
2634.735658
2634.735816
2634.735963
2634.736085
2634.736644
2634.736809
2634.736966
2634.737119
2634.737576
2634.737713
2634.737863
2634.738
2635.781111
2635.781443
2635.788514
2637.732912
2637.733126
2637.733804
2637.733983
2637.734853
2637.735001
2637.735157
2637.735304
2637.735747
2637.735912
2637.736068
2637.736223
2637.736792
2637.736948
2637.737111
2637.737235
2637.737819
2637.73796
2637.73814
2637.738266
2640.552852
2640.573479
2640.733096
2640.733324
2640.733985
2640.734141
2640.735016
2640.735154
2640.735301
2640.735417
2640.735902
2640.736027
2640.736202
2640.736333
2640.736978
2640.737135
2640.737289
2640.737428
2640.737918
2640.738068
2640.738209
2640.738339
2645.837253
2645.837518
2645.850778
2646.85124
2646.862001
2648.491333
2648.506258
2650.092407
2655.858582
2655.858852
2655.868008
2661.863075
2661.882459
2663.503222
2663.517682
2665.913227
2665.913528
2665.921141
2666.714141
2666.749719
2666.757802
2666.760602
2675.971841
2675.972125
2675.981619
2676.883966
2676.95225
2678.514042
2678.525284
2680.417798
2686.021591
2686.021854
2686.031117
2691.954827
2691.972924
2693.52491
2693.528581
2696.050341
2696.050617
2696.057465
2700.553281
2700.5721
2706.073949
2706.076789
2706.087409
2706.975669
2706.988657
2708.535746
2708.547859
2710.726329
2716.130327
2716.130602
2716.139847
2721.988544
2722.00682
2723.546635
2723.55732
2726.173064
2726.173362
2726.180745
2736.229562
2736.229904
2736.239841
2736.999371
2737.012063
2738.557491
2738.568459
2741.048229
2741.052568
2741.063489
2746.27784
2746.278105
2746.288126
2752.008259
2752.0281
2753.568346
2753.579042
2756.311664
2756.31194
2756.319175
2766.346077
2766.34635
2766.355846
2767.019107
2767.029889
2768.57919
2768.591438
2771.354809
2776.400378
2776.400698
2776.409916
2781.052876
2781.071751
2782.029968
2782.041276
2783.590045
2783.603956
2786.456935
2786.457273
2786.466867
2796.512169
2796.512472
2796.525013
2797.039824
2797.05055
2798.5999
2798.612142
2801.666914
2806.572695
2806.572999
2806.582983
2812.0497
2812.120087
2813.610779
2813.627144
2815.907108
2815.921292
2815.927794
2815.942725
2815.956517
2815.95684
2815.956966
2815.966408
2815.980389
2815.980581
2815.991601
2816.144267
2816.144471
2816.144639
2816.159547
2816.159699
2816.168349
2816.171204
2816.171385
2816.204462
2816.214612
2816.552927
2816.564772
2816.59607
2816.596376
2816.603346
2826.65401
2826.654306
2826.664052
2827.12457
2827.138849
2828.620624
2828.633617
2831.970204
2836.681494
2836.681764
2836.691655
2842.14741
2842.16482
2843.635481
2843.646491
2846.729375
2846.729747
2846.737491
2851.552952
2851.560156
2856.757402
2856.757667
2856.766851
2857.16725
2857.178005
2858.645354
2858.656452
2862.274216
2866.782675
2866.783
2866.792152
2872.174121
2872.193468
2873.65521
2873.666122
2875.978579
2875.982314
2875.992902
2875.996556
2876.000095
2876.006952
2876.82949
2876.829742
2876.83701
2886.854033
2886.854312
2886.863625
2887.195972
2887.203092
2888.666086
2888.682734
2891.553205
2891.564077
2892.382914
2892.393518
2892.5777
2896.892146
2896.892454
2896.901571
2902.206841
2902.224385
2903.68693
2903.699223
2906.927337
2906.927617
2906.936199
2916.978266
2916.978555
2916.9881
2917.227685
2917.234526
2918.707791
2918.718435
2922.879969
2927.001544
2927.001855
2927.010939
2931.552505
2931.570006
2932.22858
2932.239177
2933.718664
2933.729396
2937.058273
2937.058588
2937.065584
2938.270437
2939.270096
2941.270194
2941.790202
2941.79046
2941.990536
2942.7402
2943.490335
2945.270487
2947.102789
2947.103441
2947.113404
2947.242419
2947.248944
2948.729494
2948.742078
2953.196045
2953.270911
2957.130213
2957.130462
2957.138836
2962.250288
2962.268689
2963.74039
2963.751516
2966.771016
2966.806468
2966.813804
2966.816848
2967.179538
2967.179806
2967.186818
2969.271885
2977.232052
2977.232302
2977.243732
2977.271134
2977.27927
2978.751236
2978.780732
2983.492986
2987.291482
2987.291779
2987.299942
2992.282009
2992.298947
2993.782097
2993.792966
2997.333254
2997.333587
2997.3407
3001.27273
3002.052537
3002.071751
3007.30287
3007.3201
3007.384696
3007.384943
3007.391532
3008.792964
3008.806182
3013.794593
3016.048629
3016.062724
3016.074434
3016.088495
3016.102355
3016.10267
3016.102765
3016.102854
3016.111948
3016.11217
3016.126195
3016.133525
3016.287641
3016.288055
3016.288231
3016.302987
3016.304393
3016.313389
3016.31492
3016.315709
3016.33296
3016.352377
3016.360813
3017.440428
3017.440735
3017.446904
3022.318704
3022.336179
3023.798811
3023.81111
3027.476447
3027.476718
3027.48376
3037.328585
3037.346691
3037.528329
3037.528621
3037.535216
3038.81768
3038.829475
3042.052872
3042.063442
3044.098341
3047.5842
3047.584479
3047.59958
3052.339441
3052.357837
3053.829536
3053.840849
3057.642282
3057.642538
3057.65124
3067.351307
3067.369791
3067.679618
3067.679911
3067.687564
3068.841396
3068.852887
3074.378083
3075.051152
3075.054538
3075.075507
3075.082486
3077.728161
3077.728454
3077.732806
3080.05301
3080.058431
3082.372156
3082.402728
3083.852263
3083.876694
3087.754837
3087.755129
3087.763364
3097.405033
3097.415639
3097.781351
3097.781689
3097.791842
3098.873107
3098.880281
3103.983362
3103.984977
3103.985159
3103.992579
3104.216571
3104.241751
3104.241929
3104.242059
3104.266302
3104.348871
3104.37625
3104.379261
3104.454438
3104.458315
3104.515575
3104.625545
3104.62586
3104.625981
3104.641098
3104.657829
3104.796074
3104.946137
3104.957164
3105.067191
3105.071817
3105.079003
3105.083391
3105.193423
3105.201999
3105.207952
3105.358076
3105.365568
3105.475539
3105.475715
3105.484484
3107.823254
3107.823514
3107.831491
3112.416915
3112.435073
3113.886989
3113.900163
3117.053128
3117.065178
3117.844383
3117.844615
3117.852044
3127.437763
3127.457085
3127.882273
3127.882588
3127.896219
3128.907821
3128.920322
3134.952627
3137.945124
3137.94547
3137.954805
3142.448585
3142.465847
3143.918689
3143.92948
3147.989186
3147.989429
3148.004688
3152.553167
3152.5748
3157.458473
3157.476088
3158.018397
3158.018707
3158.025844
3158.928564
3158.939546
3165.244256
3168.039843
3168.040154
3168.047325
3172.469317
3172.486552
3173.939411
3173.95286
3178.096018
3178.096299
3178.10597
3187.480186
3187.498483
3188.119657
3188.119924
3188.130106
3188.949262
3188.959993
3192.052422
3192.065987
3195.522032
3198.164608
3198.164874
3198.172068
3202.506051
3202.523843
3203.959123
3203.970041
3208.202713
3208.203019
3208.213083
3217.520901
3217.533938
3218.222689
3218.22302
3218.230237
3218.971976
3218.983391
3225.806771
3228.278535
3228.278801
3228.28604
3232.531765
3232.54955
3233.052769
3233.064088
3233.981844
3233.992783
3238.307398
3238.307672
3238.316844
3241.345475
3241.42338
3247.557633
3247.579274
3248.336391
3248.336683
3248.343812
3248.99772
3249.008347
3256.107684
3258.384919
3258.385145
3258.392194
3262.580498
3262.598227
3264.013564
3264.025026
3266.826632
3266.883031
3266.890455
3266.898029
3268.431768
3268.432072
3268.443424
3277.602359
3277.620244
3278.470503
3278.470749
3278.478155
3279.020438
3279.031284
3286.397304
3288.499465
3288.499728
3288.506663
3292.627222
3292.646716
3294.037267
3294.049406
3298.555351
3298.555651
3298.564214
3303.552811
3303.572045
3307.648074
3307.665263
3308.594849
3308.595135
3308.602455
3309.058147
3309.069072
3316.709384
3318.629155
3318.629438
3318.637292
3322.663925
3322.685994
3324.076003
3324.087208
3328.68593
3328.68627
3328.695864
3337.685796
3337.703218
3338.730285
3338.730582
3338.738553
3339.07987
3339.090736
3342.553043
3342.565998
3347.03489
3348.749591
3348.74991
3348.757456
3352.699659
3352.711041
3354.089734
3354.100707
3358.803696
3358.803983
3358.813278
3365.288415
3366.288497
3367.713515
3367.730331
3368.28871
3368.852951
3368.853273
3368.862389
3369.102577
3369.110705
3372.288968
3377.33098
3378.886535
3378.886846
3378.893782
3380.289498
3382.734378
3382.745676
3383.552399
3383.566764
3384.114449
3384.125187
3388.906982
3388.907314
3388.916425
3396.289328
3397.746231
3397.763691
3398.94366
3398.943944
3398.951429
3399.126312
3399.132959
3407.632245
3408.98105
3408.981285
3408.988439
3412.762102
3412.773524
3414.132169
3414.185906
3417.553342
3417.564514
3419.013276
3419.013581
3419.020733
3427.772956
3427.791129
3428.289224
3429.055413
3429.055753
3429.062811
3429.185028
3429.192493
3437.937157
3439.092411
3439.09272
3439.100936
3442.791821
3442.803465
3444.191888
3444.202851
3449.119044
3449.1193
3449.131194
3454.052428
3454.070783
3457.798681
3457.810045
3459.172725
3459.173017
3459.181029
3459.198728
3459.206102
3468.251827
3469.216698
3469.217017
3469.22334
3472.81656
3472.829551
3474.206615
3474.219466
3479.579861
3479.580164
3479.591224
3487.83738
3487.855017
3489.227476
3489.246043
3489.602743
3489.603042
3489.60741
3492.55264
3492.5637
3498.552461
3499.657868
3499.65817
3499.668271
3502.851255
3502.862353
3504.239343
3504.250293
3509.700215
3509.700488
3509.70993
3517.860125
3517.878417
3519.250195
3519.261175
3519.755448
3519.755795
3519.763061
3528.734015
3528.73509
3528.735266
3528.73539
3528.735827
3528.735966
3528.736106
3528.736229
3528.736903
3528.73704
3528.73718
3528.737302
3528.737821
3528.737955
3528.738098
3528.738222
3528.738793
3528.738926
3528.739064
3528.739186
3528.975539
3529.772844
3529.775565
3529.783059
3531.735558
3531.735799
3531.735959
3531.736121
3531.736327
3531.736454
3531.736614
3531.736743
3531.737018
3531.737208
3531.73739
3531.737517
3531.73796
3531.738095
3531.738246
3531.738373
3531.738996
3531.739163
3531.739297
3531.739416
3532.879984
3532.892963
3534.260057
3534.272621
3534.553038
3534.561278
3534.736258
3534.736456
3534.736594
3534.73672
3534.736886
3534.737059
3534.73722
3534.737346
3534.737532
3534.737654
3534.737808
3534.737936
3534.73816
3534.738284
3534.738423
3534.738545
3534.739178
3534.739304
3534.739442
3534.739562
3539.819218
3539.819541
3539.828919
3541.737996
3542.487682
3543.237729
3547.889843
3547.940191
3549.2699
3549.373535
3549.861768
3549.862152
3549.870039
3559.289899
3559.897355
3559.899927
3559.910621
3562.939688
3562.950987
3564.369768
3564.373305
3566.910344
3566.937784
3566.945489
3566.948098
3569.950197
3569.950569
3569.957475
3577.956538
3577.974139
3579.374641
3579.385536
3580.004691
3580.004956
3580.011996
3589.596686
3590.061069
3590.061332
3590.069012
3592.975398
3592.986393
3594.385488
3594.396409
3600.118897
3600.119175
3600.129206
3605.053083
3605.075229
