2.679338
3.857664
5.111569
3.843015
2.37552199999
6.57530600001
4.502696
4.678778
4.461441
3.050167
9.741256
2.21797100001
53.583455
2.043517
48.255351
3.145679
47.986111
48.296037
2.641473
48.384995
3.10831700001
47.842062
2.51156
3.748237
7.724259
45.730434
42.363493
2.414157
2.708565
47.821221
3.0949
5.177864
43.083147
3.579789
6.914339
2.345818
4.354159
2.192446
2.60843
4.85416
4.160636
2.686132
3.341595
2.474529
4.842349
2.402193
2.587615
2.492086
4.198189
10.01329
3.924646
3.029479
2.23715
10.951045
42.559841
2.031886
2.67327799999
3.502884
44.813353
43.157968
3.135202
2.076484
2.030185
46.07532
2.930685
3.366268
48.206911
2.099442
2.689043
4.555693
4.642298
42.501182
5.748168
42.578433
2.159103
3.578915
3.208434
4.097569
5.006654
48.324862
4.901292
42.448397
2.245357
3.175477
48.163588
2.961652
4.96834799999
42.928019
3.114093
48.25669
3.161195
48.147292
2.429344
2.519269
5.062577
21.359978
3.045215
3.137179
4.657784
2.175715
4.841916
4.485461
46.815902
3.187464
48.13498
3.121924
4.414803
43.78523
2.869189
48.111495
3.151207
48.13105
3.019654
4.28555499999
44.671254
2.142124
3.076619
2.486222
6.01119600001
47.334659
2.919347
5.603399
42.2451
3.13883700001
48.21416
3.13722
48.121066
3.232215
4.460089
43.84819
3.023291
48.141043
3.257025
48.151244
2.911818
3.13615699999
2.450148
46.209303
3.04068599999
48.213655
3.070064
48.016236
3.186766
32.069424
2.210127
2.470016
4.417163
2.450069
6.603581
3.277907
3.666769
3.029025
2.259245
4.732313
2.471337
6.716354
9.200137
5.056903
2.37016000001
2.679763
2.244082
2.41299300001
8.975824
4.982472
2.026849
2.250745
5.54442799999
3.268494
7.527833
4.939449
2.202571
2.153667
9.935847
9.402605
4.869286
2.378963
2.059998
8.782153
4.25854900001
5.214022
3.467914
2.561926
9.80731
9.556831
4.751721
2.74136199999
7.385981
9.67018199999
4.64492999999
2.948573
2.429934
6.997676
4.199027
5.601611
4.499581
3.136308
5.685211
2.78768
9.94183700001
4.392336
3.32677
2.375152
6.779384
10.046908
4.259554
3.499054
8.055779
10.046829
4.149834
3.697076
9.120905
3.822996
6.208637
4.03236400001
3.887695
4.466286
2.000073
4.956399
3.109616
4.028646
5.396564
3.608993
10.050792
3.948167
3.024079
3.712659
6.526975
3.545053
4.529862
13.092403
2.262123
3.343018
6.363537
3.511712
