9.637296
43.851764
2.379663
3.07321
44.382288
41.542974
2.433542
2.360887
45.926662
3.135379
15.256886
2.996458
2.823705
6.393878
6.83272899999
4.290202
2.515604
46.115086
3.135422
2.045965
2.718981
3.617527
2.598968
13.726371
8.686632
3.260715
3.587609
15.118636
2.515537
27.904839
4.237573
51.462463
3.400841
43.94594
3.166924
43.882912
2.406088
3.08900499999
42.070901
3.102046
44.273144
3.182402
44.101714
3.135057
44.399594
3.088831
44.054664
3.182487
45.115296
3.104153
3.095973
3.799207
12.024272
3.564171
2.196976
3.618298
6.895165
13.262296
2.558577
3.345362
4.810773
44.801186
2.870406
9.453909
2.408147
2.01249
53.290444
3.212161
44.01152
3.14660299999
44.316072
3.436156
44.033533
2.659173
44.038542
2.422004
3.213152
42.883076
3.007084
3.118831
9.577631
3.332353
3.095518
2.18042300001
22.179244
3.363889
2.125677
48.845137
2.127139
3.040644
45.137644
2.799147
16.083706
2.338574
46.700627
3.090152
13.248328
2.184056
3.58772
2.0656
25.716244
2.277657
3.307125
9.154799
6.845788
20.340261
2.258608
4.571788
2.103445
26.051492
2.221448
3.257975
4.97058099999
45.695145
2.896168
6.292349
2.676953
2.036902
7.067635
12.340458
5.084735
4.681732
8.938363
2.190726
4.21569899999
7.88797
8.563043
21.841258
2.69678999999
2.412752
2.568323
4.660707
2.219161
7.242575
5.656423
48.249359
3.166727
2.562194
45.58328
3.229204
40.015181
2.386815
3.291476
5.101417
4.572956
2.384586
21.921498
2.98169499999
3.975761
26.025681
25.769066
4.650926
22.417584
4.742395
22.453899
4.628989
2.887099
4.718505
2.506373
10.495044
42.845673
42.603859
3.166779
44.273027
3.104518
44.53846
3.104366
2.93698000001
45.116213
3.229218
44.288787
2.481377
3.135638
43.993578
2.888456
44.179674
3.260393
44.102472
3.213551
43.929729
2.425868
3.15151700001
44.257105
3.32271
44.023397
3.135579
44.319826
2.451477
43.820439
2.870357
44.10113
2.304429
3.088791
44.163715
3.135386
44.413449
2.431929
2.870409
44.460554
3.08875900001
44.086538
2.120656
2.482636
44.289023
3.088742
