0.000217999993765
0.0077719999972
0.179637999994
0.189778
6.97387099999
6.97502799999
6.975367
6.97554599999
6.975746
6.980815
6.98126299999
6.981374
6.98165199999
6.991886
6.994693
7.009795
7.024672
7.024715
7.028902
7.02893399999
7.191578
7.200217
7.20695699999
7.214598
7.39718399999
12.034352
12.034411
12.035232
565.997997
565.998018
566.002993
566.00472
566.032498
566.07171
566.180038
566.180273
566.180366
566.180468
566.397022
566.673972
566.673998
566.675951
566.677463
566.680228
566.810966
566.998939
567.003265
567.014823
567.054375
567.059988
567.138146
567.180108
567.19848
567.198832
567.230629
567.231202
567.286369
567.286649
567.320648
567.325293
567.325518
567.445242
567.455356
567.470166
567.503638
567.580065
567.580336
567.680276
567.680465
567.684306
567.686093
567.709352
567.709541
567.712544
567.712809
567.969359
567.969555
568.076375
568.180137
568.327427
568.327663
568.414502
568.414762
569.003442
569.139887
569.186941
569.187127
569.210093
569.210287
569.241222
569.24443
569.24461
569.244738
569.245771
569.245917
569.246339
569.246543
569.246827
569.246951
569.247703
569.247907
569.24849
569.248617
569.249286
569.249421
569.249736
569.249861
569.250443
569.250572
569.251015
569.251143
569.311356
569.311591
569.337657
569.337868
569.338003
569.338131
569.338376
569.338514
569.338699
569.338825
569.338997
569.339128
569.339354
569.339494
569.339662
569.339784
569.339933
569.340055
569.340511
569.340641
569.34106
569.341188
569.381002
569.3862
569.386402
569.387086
569.680411
569.680641
569.854783
570.173422
570.174909
570.175065
570.180251
570.180396
570.503423
570.5284
570.553384
570.69764
570.698186
570.733492
570.747456
570.761672
570.779673
570.802212
570.81649
570.816856
570.816969
570.823343
570.823615
570.836008
570.850221
570.880517
570.880787
570.888937
570.992519
571.080807
571.17195
571.180338
571.236162
571.370468
571.464295
571.494204
571.560489
571.659267
571.680442
571.742509
571.830528
572.007472
572.031387
572.217542
572.217705
572.241541
572.244465
572.244564
572.244734
572.245528
572.245705
572.246558
572.246693
572.246984
572.247522
572.247738
572.247929
572.24848
572.24861
572.249476
572.249597
572.249746
572.249869
572.250512
572.250685
572.251534
572.251699
572.267457
572.337592
572.337784
572.33855
572.33871
572.338858
572.33898
572.339121
572.339245
572.339456
572.339581
572.339742
572.339865
572.340016
572.340146
572.340297
572.340471
572.340687
572.340809
572.341549
572.34172
572.383543
572.462332
572.49677
572.498743
572.505282
572.508031
572.508072
572.509879
572.517603
572.518124
572.522204
572.522487
572.525801
572.535166
572.54255
572.545536
572.580513
572.616936
572.639685
572.650312
572.651622
572.727436
572.733761
572.735092
572.743383
572.747385
572.829071
572.94744
572.949708
572.950338
572.952389
572.953273
573.003674
573.157459
573.159649
573.177307
573.17974
573.212411
573.419517
573.424122
573.424606
573.426939
573.435635
573.435828
573.436178
573.468886
573.53659
573.635902
573.639467
573.643093
573.643108
573.645641
573.646084
573.64653
573.648194
573.648245
573.649287
573.650985
573.655155
573.655683
573.697263
573.844135
573.845512
573.855521
573.858642
573.875423
573.877737
573.885918
573.90895
573.966431
573.969185
573.97296
574.088328
574.096911
574.108517
574.11567
574.116491
574.123786
574.126933
574.144399
574.147498
574.150736
574.150861
574.158791
574.180531
574.216123
574.216145
574.318593
574.326525
574.328593
574.330503
574.331062
574.332505
574.335473
574.335505
574.336966
574.33701
574.346871
574.347932
574.348175
574.353586
574.353588
574.385643
574.50554
574.516894
574.527433
574.559555
574.566729
574.567574
574.570484
574.575754
574.779562
574.786429
574.787456
574.793848
574.793879
574.800747
574.803013
574.820361
574.875699
574.876239
574.876353
574.888008
575.009578
575.016505
575.017166
575.026034
575.027453
575.135655
575.229594
575.234459
575.234586
575.234677
575.241685
575.244027
575.244177
575.244627
575.244849
575.244992
575.245547
575.245837
575.245962
575.247163
575.247296
575.247894
575.248018
575.248148
575.248266
575.249914
575.250048
575.250181
575.2503
575.250428
575.250553
575.252528
575.252667
575.252825
575.252943
575.262358
575.337791
575.337988
575.338718
575.338864
575.339023
575.339154
575.339308
575.339432
575.339648
575.33977
575.339948
575.340074
575.340225
575.340351
575.340657
575.340818
575.340995
575.341128
575.34166
575.341806
575.359587
575.386032
575.394751
575.426363
575.426444
575.433757
575.550732
575.589602
575.599027
575.599469
575.60652
575.609114
575.780655
575.780838
575.796998
575.798791
575.809611
575.815323
575.819657
575.827677
575.830199
575.888542
576.029665
576.036678
576.037147
576.050241
576.050374
576.185296
576.249648
576.257515
576.257963
576.260413
576.265403
576.26796
576.469658
576.47658
576.477061
576.483851
576.501406
576.637739
576.699668
576.707421
576.708565
576.714992
576.715063
576.717808
576.724885
576.726076
576.735292
576.735767
576.907692
576.937699
576.945321
576.959646
576.965126
576.976666
577.006301
577.01844
577.018704
577.02076
577.207714
577.217549
577.218157
577.224094
577.241232
577.387728
577.417734
577.437699
577.444661
577.448532
577.455177
577.455231
577.458018
577.464974
577.468781
577.476682
577.47687
577.644729
577.674743
577.681744
577.698983
577.7047
577.739086
577.868775
577.93473
577.942697
577.944932
577.951978
577.955197
578.142768
578.152762
578.160065
578.160638
578.16808
578.170581
578.3628
578.371316
578.570805
578.87215
578.878728
578.88086
579.081812
579.088939
579.089299
579.095445
579.096801
579.097621
579.104215
579.104947
579.104989
579.261004
579.319866
579.503936
579.504177
579.653996
579.70421
580.454059
580.890565
580.896087
581.004141
581.203995
581.236679
581.244733
581.282597
581.295128
581.48309
581.591061
581.829675
581.837927
581.857766
581.941221
581.951124
581.957715
581.984291
582.158604
582.182662
582.20401
582.204418
582.204521
582.214852
582.262121
582.38343
582.393751
582.419283
582.561314
582.561453
582.561539
582.574614
582.574734
582.619581
582.620105
582.620196
582.620279
582.625382
582.625673
582.703078
582.723901
582.723903
582.723905
582.804999
582.855043
582.872118
583.071526
583.071719
583.082722
583.085467
583.111879
583.11951
583.319851
583.324359
583.331169
583.333395
583.443978
583.44414
583.456135
583.456236
583.472243
583.533797
583.541976
583.549117
583.788937
583.801025
583.849214
584.00142
584.001568
584.080504
584.425212
585.936123
586.66612
587.053667
587.053983
587.062759
587.072739
587.666434
589.7882
591.441617
592.212588
592.225965
592.94262
592.955274
593.663723
593.665337
593.665887
593.666072
593.666177
593.667552
593.670374
593.670656
593.670903
593.673267
593.697121
593.697199
593.702751
593.70279
596.826944
597.005035
597.337773
598.713156
598.713231
598.713481
602.954802
603.70841
1171.179684
1171.179916
1171.18001
1171.180121
1171.188464
1171.211269
1171.211271
1171.211298
1171.211547
1171.211549
1171.214713
1171.248661
1171.272605
1171.674846
1171.679904
1171.74923
1171.749248
1171.751052
1171.757331
1171.997568
1172.01071
1172.179734
1172.203783
1172.212333
1172.212537
1172.214714
1172.225068
1172.239105
1172.239558
1172.291035
1172.291325
1172.323739
1172.327918
1172.32814
1172.449928
1172.474882
1172.499998
1172.583975
1172.584218
1172.648003
1172.6799
1172.68012
1172.713996
1172.714324
1172.716888
1172.717083
1172.751702
1172.751907
1172.917026
1172.97408
1172.974272
1173.179786
1173.236585
1173.419102
1173.419402
1173.513071
1173.513322
1174.186201
1174.186389
1174.208256
1174.208423
1174.225174
1174.251651
1174.254563
1174.254782
1174.255078
1174.255593
1174.255911
1174.25604
1174.256615
1174.256832
1174.259531
1174.259747
1174.26034
1174.260515
1174.261333
1174.261465
1174.262328
1174.262458
1174.262706
1174.262833
1174.263025
1174.263147
1174.266875
1174.269919
1174.270077
1174.29034
1174.291903
1174.29203
1174.309858
1174.310081
1174.362593
1174.362772
1174.363312
1174.363439
1174.363886
1174.364004
1174.364195
1174.364319
1174.364496
1174.364635
1174.364792
1174.364939
1174.365107
1174.365661
1174.365982
1174.36611
1174.366394
1174.36652
1174.366776
1174.367095
1174.373026
1174.373662
1174.381062
1174.40516
1174.410139
1174.410336
1174.410697
1174.416007
1174.680018
1174.680201
1175.179906
1175.180085
1175.500001
1175.525027
1175.55007
1175.594522
1175.783206
1175.783781
1175.7996
1175.799788
1175.814052
1175.828314
1175.83545
1175.852404
1175.866574
1175.86692
1175.867033
1175.87668
1175.87685
1175.886574
1175.900707
1175.961838
1175.962008
1176.065148
1176.065384
1176.068757
1176.179994
1176.237311
1176.2605
1176.265577
1176.306611
1176.398915
1176.496134
1176.548425
1176.680101
1176.745128
1176.755621
1176.996161
1177.01522
1177.133651
1177.25221
1177.255258
1177.255445
1177.255588
1177.255726
1177.256111
1177.257107
1177.257295
1177.257427
1177.259107
1177.259281
1177.260345
1177.260481
1177.261247
1177.261384
1177.261708
1177.262756
1177.262897
1177.263132
1177.263265
1177.263488
1177.263612
1177.333088
1177.333223
1177.363372
1177.363578
1177.363726
1177.363848
1177.36415
1177.364274
1177.364415
1177.364545
1177.364684
1177.364805
1177.365583
1177.365712
1177.36585
1177.365971
1177.36621
1177.366333
1177.366468
1177.366587
1177.367643
1177.367777
1177.369816
1177.417176
1177.498586
1177.503775
1177.507057
1177.507111
1177.509298
1177.517312
1177.517703
1177.520529
1177.521352
1177.52178
1177.525162
1177.563615
1177.566275
1177.574229
1177.595562
1177.718133
1177.724958
1177.730301
1177.737462
1177.741725
1177.765189
1177.938122
1177.94732
1177.948279
1177.95616
1177.957458
1178.010705
1178.023603
1178.025465
1178.158137
1178.169514
1178.187399
1178.197183
1178.215048
1178.227307
1178.229373
1178.429145
1178.431229
1178.431691
1178.43361
1178.433642
1178.435495
1178.474256
1178.572201
1178.618312
1178.618531
1178.679137
1178.682198
1178.682219
1178.684047
1178.684551
1178.686542
1178.686591
1178.68749
1178.688393
1178.689805
1178.69115
1178.755112
1178.818512
1178.884175
1178.884365
1178.891128
1178.904356
1178.908301
1178.914301
1178.937727
1178.944815
1178.972888
1179.134202
1179.144514
1179.146238
1179.148438
1179.150392
1179.180186
1179.184922
1179.186636
1179.190774
1179.23297
1179.232998
1179.268657
1179.274091
1179.344187
1179.344306
1179.347325
1179.349478
1179.350019
1179.351386
1179.35387
1179.353895
1179.355013
1179.355041
1179.356823
1179.365602
1179.365943
1179.372125
1179.373878
1179.375164
1179.386126
1179.406036
1179.406196
1179.408594
1179.410716
1179.46422
1179.544302
1179.544547
1179.568291
1179.578182
1179.583135
1179.598903
1179.604448
1179.606796
1179.744608
1179.744684
1179.755631
1179.776091
1179.878232
1179.885534
1179.886558
1179.893614
1179.895958
1179.955212
1180.098251
1180.106552
1180.107132
1180.114123
1180.115512
1180.135247
1180.135397
1180.135483
1180.148321
1180.252375
1180.255359
1180.25551
1180.255658
1180.255788
1180.257361
1180.257487
1180.257651
1180.25778
1180.259353
1180.259526
1180.260324
1180.260496
1180.261416
1180.261578
1180.262342
1180.262481
1180.263323
1180.263482
1180.263628
1180.263742
1180.318256
1180.318287
1180.363456
1180.363648
1180.363811
1180.363942
1180.36432
1180.364445
1180.364592
1180.364714
1180.364886
1180.365014
1180.365483
1180.365628
1180.366349
1180.366523
1180.366668
1180.366812
1180.366987
1180.367113
1180.367337
1180.367464
1180.386397
1180.39047
1180.408044
1180.433457
1180.494429
1180.502865
1180.506962
1180.507115
1180.507201
1180.516242
1180.517177
1180.539766
1180.652428
1180.685259
1180.685514
1180.685749
1180.740288
1180.747156
1180.74767
1180.756145
1180.758581
1180.956298
1180.966238
1180.96668
1180.974336
1180.98724
1181.045259
1181.045435
1181.053732
1181.055622
1181.070009
1181.186302
1181.19441
1181.194816
1181.200946
1181.203714
1181.24436
1181.404311
1181.411084
1181.411571
1181.418034
1181.420474
1181.420813
1181.428371
1181.453026
1181.614323
1181.621113
1181.621641
1181.628803
1181.651378
1181.819371
1181.850327
1181.858053
1181.859248
1181.86436
1181.864409
1181.867053
1181.874529
1181.875714
1181.885877
1181.886827
1182.058344
1182.088327
1182.094331
1182.111981
1182.118282
1182.151574
1182.161614
1182.162487
1182.164592
1182.348357
1182.357295
1182.357823
1182.366046
1182.366113
1182.375297
1182.391671
1182.557363
1182.558007
1182.569435
1182.591353
1182.598188
1182.599548
1182.605793
1182.605837
1182.608413
1182.615768
1182.617038
1182.63131
1182.631312
1182.818371
1182.828349
1182.835746
1182.853222
1182.861763
1182.890258
1183.088413
1183.095442
1183.09765
1183.104846
1183.10791
1183.295427
1183.308394
1183.316616
1183.317128
1183.331755
1183.335528
1183.433565
1183.538446
1183.546695
1183.746447
1184.047715
1184.054374
1184.056669
1184.257499
1184.266091
1184.266491
1184.272355
1184.273359
1184.273847
1184.280815
1184.281391
1184.281434
1184.655558
1186.227788
1186.433739
1186.994513
1187.117422
1187.337402
1187.360817
1187.39224
1187.400459
1187.573589
1187.581739
1187.610365
1187.711602
1187.822772
1187.823251
1187.823367
1187.834461
1187.981518
1188.046887
1188.054295
1188.082283
1188.086066
1188.102171
1188.222487
1188.472666
1188.473082
1188.4732
1188.474755
1188.48505
1188.485503
1188.697879
1188.70276
1188.713793
1188.717332
1188.855864
1188.856037
1188.856125
1188.867137
1188.867286
1188.929858
1188.932272
1189.012177
1189.0123
1189.015177
1189.017755
1189.231983
1189.232132
1189.242165
1189.242323
1189.270738
1189.279919
1189.383839
1189.38535
1189.395419
1189.397353
1189.413143
1189.492328
1189.492463
1189.502322
1189.775189
1189.775353
1189.789138
1189.78997
1189.809868
1192.172813
1192.173141
1192.182069
1192.669044
1197.357246
1197.373976
1198.09728
1198.107351
1199.131873
1199.13276
1199.133192
1199.133409
1199.133517
1199.13481
1199.137769
1199.138
1199.138239
1199.141234
1199.165859
1199.165941
1199.168497
1199.168525
1202.227705
1204.02632
1204.179685
1204.17976
1204.180519
1208.672033
1209.632562
1781.57781
1781.680632
1781.680832
1781.680924
1781.681026
1782.180711
1782.513884
1782.513914
1782.514061
1782.514071
1782.578001
1782.679696
1782.713095
1782.713356
1782.758203
1782.758752
1782.814894
1782.815011
1782.815103
1782.815219
1782.973849
1782.998833
1783.023794
1783.107903
1783.108114
1783.179841
1783.180056
1783.237937
1783.238162
1783.24081
1783.240948
1783.49813
1783.498404
1783.679753
1783.914922
1783.915171
1783.943026
1783.943314
1784.578047
1784.684901
1784.68513
1784.705051
1784.705243
1784.761738
1784.761943
1784.762086
1784.762508
1784.762634
1784.764246
1784.764719
1784.765027
1784.765161
1784.765478
1784.766966
1784.767784
1784.767921
1784.768179
1784.768354
1784.768892
1784.769023
1784.769447
1784.769631
1784.772019
1784.77216
1784.805955
1784.806188
1784.83887
1784.844228
1784.844463
1784.84489
1784.845027
1784.845371
1784.845507
1784.845839
1784.845972
1784.846266
1784.846396
1784.846731
1784.84689
1784.847649
1784.847795
1784.84815
1784.848291
1784.848631
1784.848772
1784.849202
1784.849341
1784.877094
1784.877115
1784.880557
1784.89065
1784.890666
1784.903754
1784.903823
1785.179983
1785.180192
1785.679889
1785.680148
1786.024381
1786.049038
1786.073984
1786.207511
1786.467115
1786.467381
1786.667395
1786.679932
1786.736633
1786.806999
1787.18009
1787.230089
1787.417197
1787.489126
1787.754205
1787.762485
1787.762682
1787.762871
1787.763139
1787.763291
1787.765155
1787.765289
1787.765494
1787.765624
1787.767154
1787.767301
1787.768119
1787.768294
1787.768445
1787.768573
1787.769117
1787.769303
1787.769467
1787.769597
1787.77215
1787.772298
1787.83918
1787.844146
1787.844309
1787.845192
1787.845342
1787.84554
1787.845674
1787.846088
1787.846223
1787.846363
1787.846486
1787.847636
1787.847796
1787.848101
1787.848233
1787.84842
1787.84855
1787.849212
1787.849369
1787.849538
1787.849673
1787.867117
1788.005151
1788.015362
1788.021212
1788.021445
1788.022445
1788.167141
1788.180047
1788.578443
1788.680065
1788.920231
1789.018238
1789.034188
1789.039919
1789.039937
1789.044655
1789.491931
1789.579249
1789.579272
1789.583102
1789.583562
1789.586838
1789.587959
1789.5881
1789.589251
1789.592549
1789.599306
1789.599421
1789.641274
1789.646717
1789.652727
1789.655511
1789.657543
1789.666343
1789.670252
1789.680103
1789.680237
1789.680711
1789.681156
1789.681269
1789.686723
1789.689002
1789.695671
1789.70985
1789.776367
1789.776625
1789.776728
1789.777022
1789.777331
1789.777516
1789.778919
1789.790452
1789.790453
1789.790879
1789.793072
1789.814002
1790.04062
1790.134838
1790.198958
1790.309508
1790.379084
1790.420244
1790.456643
1790.567981
1790.611072
1790.762972
1790.763377
1790.763462
1790.763639
1790.763787
1790.765293
1790.765474
1790.765671
1790.765795
1790.76729
1790.767423
1790.768291
1790.768464
1790.768612
1790.768745
1790.769303
1790.769452
1790.769629
1790.76975
1790.772528
1790.772662
1790.802226
1790.827672
1790.835362
1790.844475
1790.84464
1790.845242
1790.845386
1790.84558
1790.845709
1790.846476
1790.846619
1790.846807
1790.846937
1790.847925
1790.848091
1790.848382
1790.848575
1790.848925
1790.84905
1790.849376
1790.849505
1790.849747
1790.849873
1790.857734
1790.877254
1790.898177
1790.898254
1790.898611
1790.89895
1790.997573
1790.9977
1791.002098
1791.030457
1791.133522
1791.208262
1791.210397
1791.211682
1791.213567
1791.215127
1791.27338
1791.273595
1791.276199
1791.420241
1791.428263
1791.428913
1791.436025
1791.437547
1791.462815
1791.462991
1791.473616
1791.640255
1791.642449
1791.653616
1791.660047
1791.667797
1791.700051
1791.835014
1791.89227
1791.907702
1791.908215
1791.914421
1791.914455
1791.920782
1791.940042
1792.005509
1792.016408
1792.017483
1792.137266
1792.146214
1792.186381
1792.195231
1792.195315
1792.196265
1792.199221
1792.211497
1792.215223
1792.218577
1792.223365
1792.346276
1792.416298
1792.418492
1792.435972
1792.438623
1792.463588
1792.517174
1792.666307
1792.668423
1792.669245
1792.671381
1792.673349
1792.695295
1792.715578
1792.86633
1792.876316
1792.878408
1792.878983
1792.881239
1792.881992
1792.882023
1792.882592
1792.886654
1792.886714
1792.889771
1792.896634
1792.897008
1792.901173
1792.902138
1792.973378
1793.106244
1793.110327
1793.112406
1793.113311
1793.115792
1793.116655
1793.286485
1793.29647
1793.320355
1793.324418
1793.325427
1793.330282
1793.330284
1793.530374
1793.537739
1793.538392
1793.545871
1793.547279
1793.642769
1793.650404
1793.670545
1793.750366
1793.757622
1793.777025
1793.788866
1793.822035
1793.856581
1793.857446
1794.017624
1794.018139
1794.018228
1794.030408
1794.032254
1794.038578
1794.039017
1794.046501
1794.049137
1794.250405
1794.257182
1794.257712
1794.26512
1794.267413
1794.378762
1794.378933
1794.379057
1794.396147
1794.402934
1794.470413
1794.47258
1794.473028
1794.475658
1794.477248
1794.544375
1794.546372
1794.546373
1794.680426
1794.687471
1794.687928
1794.694911
1794.705172
1794.892142
1794.89232
1794.902871
1794.903762
1794.910422
1794.91751
1794.917979
1794.925284
1794.944397
1795.042574
1795.150446
1795.154894
1795.156369
1795.164751
1795.1648
1795.165084
1795.166164
1795.167538
1795.172354
1795.174887
1795.2906
1795.354461
1795.374457
1795.378478
1795.387451
1795.387531
1795.404481
1795.406799
1795.458829
1795.485814
1795.497103
1795.497316
1795.501413
1795.684487
1795.691575
1795.69209
1795.697799
1795.715489
1795.817504
1795.829038
1795.840047
1795.884499
1795.915481
1795.9223
1795.923509
1795.932278
1795.932324
1795.932579
1795.933705
1795.935186
1795.937997
1795.939961
1796.122502
1796.132492
1796.139732
1796.156986
1796.169161
1796.201934
1796.219147
1796.219299
1796.224238
1796.239731
1796.432523
1796.439722
1796.441882
1796.450448
1796.453035
1796.578753
1796.582793
1796.583092
1796.583203
1796.594517
1796.594721
1796.632531
1796.652528
1796.654386
1796.654918
1796.656779
1796.665898
1796.736381
1796.736793
1796.738509
1796.857666
1796.862538
1796.870589
1797.062572
1797.095939
1797.096235
1797.10633
1797.109682
1797.11085
1797.255168
1797.37178
1797.379762
1797.383536
1797.462668
1797.468685
1797.488669
1797.494326
1797.494498
1797.506522
1797.506524
1797.58958
1797.591815
1797.592159
1797.594049
1797.597408
1797.597908
1797.602887
1797.602888
1797.602913
1797.688021
1797.688899
1797.6891
1797.69152
1797.717734
1797.861293
1797.918004
1797.918564
1797.91868
1797.941152
1798.046947
1798.068201
1798.068331
1798.068512
1798.091095
1798.093358
1798.141629
1798.145005
1798.307408
1798.449527
1798.45815
1798.54741
1798.551037
1798.751266
1798.756452
1798.761613
1798.836382
1799.036832
1799.042007
1799.052333
1799.293277
1799.298812
1799.499119
1799.499303
1799.507537
1799.768602
1799.906842
1800.115638
1800.240067
1800.245684
1800.310141
1800.311244
1800.672925
1800.708238
1800.714152
1802.361844
1802.707903
1803.044013
1805.543583
1805.543861
1805.548639
1805.894583
1810.68633
1810.692924
1811.43336
1811.43954
1812.579655
1815.558273
1815.55854
1815.568808
1816.533152
1819.053932
1820.179838
1820.189688
1821.932671
1825.578889
1825.579319
1825.588469
1825.699218
1825.707567
1826.438238
1826.448843
1826.976413
1827.414345
1827.427945
1827.525254
1827.526224
1827.884379
1827.896703
1827.904193
1829.536719
1829.883041
1834.851923
1834.85283
1834.853171
1834.853369
1834.853476
1834.857401
1834.857903
1834.858125
1834.858343
1834.862594
1834.881503
1834.881562
1834.883647
1834.883686
1839.909898
1839.909962
1839.910543
1844.580466
2391.250524
2391.250526
2391.250665
2391.252088
2391.25209
2391.252092
2391.262812
2391.268426
2391.268445
2391.272229
2391.321651
2391.681569
2391.681784
2391.681877
2391.681983
2391.823028
2391.898468
2391.898488
2391.900604
2392.154987
2392.181672
2392.23925
2392.264054
2392.408884
2392.469834
2392.662414
2392.681646
2392.695344
2392.699608
2392.707376
2392.707625
2392.7201
2392.73922
2392.739738
2392.789961
2392.79024
2392.795815
2392.830815
2392.831072
2392.916164
2392.94988
2392.974773
2392.999765
2393.082917
2393.083126
2393.126131
2393.181839
2393.182047
2393.212893
2393.213133
2393.215815
2393.215973
2393.472916
2393.473129
2393.61485
2393.615098
2393.681687
2393.91797
2393.918189
2394.068836
2394.263944
2394.509956
2394.684962
2394.685133
2394.710227
2394.710399
2394.732312
2394.733735
2394.733909
2394.734197
2394.73432
2394.734563
2394.73469
2394.7352
2394.73541
2394.736374
2394.736518
2394.736714
2394.736875
2394.737255
2394.737423
2394.73801
2394.738352
2394.747107
2394.747277
2394.748411
2394.748565
2394.810879
2394.811106
2394.846663
2394.848005
2394.848423
2394.848564
2394.848932
2394.849069
2394.850201
2394.850346
2394.852957
2394.853129
2394.853277
2394.8534
2394.853534
2394.853653
2394.85383
2394.853951
2394.854087
2394.854209
2394.854589
2394.854722
2394.897299
2394.902276
2394.90248
2394.90285
2395.180853
2395.181068
2395.396604
2395.396625
2395.68082
2395.681017
2395.953812
2395.992895
2395.999991
2396.024956
2396.053269
2396.109923
2396.124195
2396.133049
2396.148597
2396.162772
2396.163317
2396.163443
2396.167008
2396.167179
2396.172397
2396.172637
2396.18224
2396.196462
2396.367335
2396.6809
2396.736939
2396.90805
2397.117028
2397.18098
2397.252035
2397.505056
2397.510058
2397.73309
2397.734008
2397.734165
2397.734313
2397.734436
2397.735082
2397.735218
2397.73538
2397.735502
2397.736005
2397.736156
2397.737182
2397.737314
2397.737463
2397.737584
2397.737984
2397.738107
2397.74717
2397.747588
2397.748431
2397.748585
2397.766154
2397.848201
2397.8484
2397.848553
2397.848675
2397.849003
2397.849129
2397.850058
2397.850228
2397.853023
2397.853163
2397.853312
2397.853436
2397.854063
2397.854235
2397.854371
2397.854487
2397.854624
2397.854768
2397.855014
2397.855144
2397.867015
2397.960058
2398.014317
2398.017174
2398.025368
2398.035751
2398.03581
2398.036101
2398.036459
2398.047723
2398.048081
2398.054847
2398.064058
2398.258011
2398.264156
2398.266229
2398.268859
2398.277345
2398.279679
2398.478006
2398.489072
2398.489799
2398.497422
2398.498723
2398.698014
2398.705952
2398.720116
2398.720341
2398.724505
2398.731826
2398.765423
2398.921424
2398.966046
2398.973535
2398.974063
2398.981656
2398.997754
2399.077165
2399.196036
2399.206
2399.20642
2399.214185
2399.214268
2399.215315
2399.217239
2399.220058
2399.22447
2399.406077
2399.426073
2399.436774
2399.45424
2399.46174
2399.490829
2399.671234
2399.681058
2399.686075
2399.692819
2399.693769
2399.70286
2399.703931
2399.897063
2399.907055
2399.922883
2399.925286
2399.925821
2399.935021
2399.935023
2399.935105
2399.936019
2399.93605
2399.945022
2399.945318
2399.945707
2399.95669
2399.958598
2400.155122
2400.163615
2400.164521
2400.167891
2400.172089
2400.260007
2400.375125
2400.382203
2400.383537
2400.390992
2400.392864
2400.421184
2400.510261
2400.592136
2400.60334
2400.603916
2400.610825
2400.612575
2400.733757
2400.734202
2400.734391
2400.734545
2400.734665
2400.735178
2400.735316
2400.735453
2400.735573
2400.736283
2400.736411
2400.737353
2400.737492
2400.737732
2400.737865
2400.73817
2400.738295
2400.751406
2400.751949
2400.75213
2400.752584
2400.812146
2400.848346
2400.848559
2400.848709
2400.848861
2400.849191
2400.849317
2400.850249
2400.850372
2400.853242
2400.853415
2400.853569
2400.853718
2400.854238
2400.854414
2400.854612
2400.854738
2400.854889
2400.855013
2400.855163
2400.85529
2400.874573
2400.893003
2400.972268
2400.993375
2401.024537
2401.091275
2401.173008
2401.222153
2401.228912
2401.229342
2401.238685
2401.238864
2401.438191
2401.445719
2401.446206
2401.454235
2401.454302
2401.460865
2401.465644
2401.526805
2401.668195
2401.67773
2401.678177
2401.685598
2401.685671
2401.693082
2401.694991
2401.897219
2401.90473
2401.905201
2401.914076
2401.915499
2401.92223
2402.117244
2402.124665
2402.125191
2402.132542
2402.151174
2402.344236
2402.35132
2402.352729
2402.359346
2402.359388
2402.363109
2402.369435
2402.370632
2402.380239
2402.38086
2402.549262
2402.581235
2402.588577
2402.606119
2402.61333
2402.64482
2402.653325
2402.653631
2402.655641
2402.672283
2402.85126
2402.859367
2402.85993
2402.873041
2402.891965
2403.061277
2403.093269
2403.101052
2403.102382
2403.110922
2403.11101
2403.114982
2403.12054
2403.121874
2403.130206
2403.133129
2403.301301
2403.341283
2403.348503
2403.365959
2403.372518
2403.411243
2403.608301
2403.617178
2403.619595
2403.632226
2403.632416
2403.818321
2403.832317
2403.839026
2403.83959
2403.845123
2403.849966
2404.042324
2404.049262
2404.242347
2404.526501
2404.55067
2404.557776
2404.557813
2404.566721
2404.56755
2404.76737
2404.774114
2404.77453
2404.780899
2404.781462
2404.782024
2404.788179
2404.788767
2404.788797
2405.100482
2405.458779
2405.637611
2405.732032
2405.911414
2406.238238
2406.264644
2406.433148
2406.883488
2407.069608
2407.069782
2407.263036
2407.526676
2407.701858
2407.719776
2407.722966
2407.900553
2408.266273
2408.381032
2408.558732
2408.570178
2408.943333
2408.955605
2409.12144
2409.13033
2409.187516
2409.241747
2409.442017
2409.450004
2409.476877
2409.479061
2409.481039
2409.495509
2409.679331
2409.67977
2409.679887
2409.691523
2409.841546
2409.8421
2409.842217
2409.852823
2409.891728
2409.900593
2409.996804
2410.055931
2410.199699
2410.199872
2410.199955
2410.212611
2410.212613
2410.297704
2410.301301
2410.350665
2410.350833
2410.351006
2410.501661
2410.506243
2410.511837
2410.514936
2410.697147
2410.69855
2410.710638
2410.713479
2410.715249
2410.72344
2410.729991
2410.971183
2410.989399
2411.098617
2411.189652
2411.189829
2411.198923
2412.690973
2412.691336
2412.710601
2413.111989
2417.855135
2417.872392
2418.615153
2418.627453
2420.842273
2420.843189
2420.843545
2420.843724
2420.84386
2420.849153
2420.849349
2420.849692
2420.849915
2420.851961
2420.876174
2420.87625
2420.878458
2420.878484
2422.265597
2423.474517
2424.306634
2425.911371
2425.911452
2425.913171
2429.113931
3001.148878
3001.181471
3001.181668
3001.181759
3001.181861
3001.254458
3001.254482
3001.68156
3001.931355
3002.14899
3002.181574
3002.208879
3002.209145
3002.242858
3002.243455
3002.293878
3002.294185
3002.309705
3002.30989
3002.452758
3002.477777
3002.502674
3002.578948
3002.586826
3002.587029
3002.681707
3002.681914
3002.71686
3002.717092
3002.719738
3002.719882
3002.97699
3002.977468
3003.181592
3003.421947
3003.422191
3003.514836
3003.515089
3004.148906
3004.19103
3004.191197
3004.208073
3004.208236
3004.234974
3004.250256
3004.250475
3004.254127
3004.254312
3004.255583
3004.255753
3004.25781
3004.258101
3004.26087
3004.261074
3004.261754
3004.261884
3004.262194
3004.262318
3004.262661
3004.26279
3004.263142
3004.263845
3004.264415
3004.264545
3004.308763
3004.30897
3004.353331
3004.35354
3004.353885
3004.354018
3004.354355
3004.354489
3004.35544
3004.355579
3004.355911
3004.356045
3004.356356
3004.356492
3004.356827
3004.35696
3004.357247
3004.357379
3004.357732
3004.357868
3004.358183
3004.358318
3004.400381
3004.405989
3004.406207
3004.406559
3004.406844
3004.497587
3004.677727
3004.681798
3004.68199
3004.774231
3004.90698
3004.96626
3005.181716
3005.181919
3005.231725
3005.433443
3005.502866
3005.527851
3005.552882
3005.799213
3005.985203
3005.985382
3006.06691
3006.067149
3006.123096
3006.148929
3006.149118
3006.168738
3006.177738
3006.180778
3006.183403
3006.192139
3006.204937
3006.219203
3006.220593
3006.220692
3006.229891
3006.230353
3006.237262
3006.239739
3006.253947
3006.267261
3006.304612
3006.42625
3006.430826
3006.435711
3006.443945
3006.444002
3006.446642
3006.454087
3006.454479
3006.462937
3006.463844
3006.532494
3006.545092
3006.545339
3006.666845
3006.674243
3006.675282
3006.680766
3006.68086
3006.683337
3006.723831
3006.795979
3006.886957
3006.88924
3006.889948
3006.891881
3006.895966
3007.017022
3007.05997
3007.098878
3007.102581
3007.120645
3007.123167
3007.161741
3007.231327
3007.237975
3007.251162
3007.251369
3007.254071
3007.254186
3007.255956
3007.256149
3007.25796
3007.258133
3007.261145
3007.261273
3007.261972
3007.262195
3007.262344
3007.262477
3007.26298
3007.263108
3007.263974
3007.264156
3007.264335
3007.264464
3007.308989
3007.353083
3007.35332
3007.354051
3007.354198
3007.354336
3007.354445
3007.355979
3007.356136
3007.356285
3007.356407
3007.35656
3007.356685
3007.356919
3007.35704
3007.357226
3007.35735
3007.358143
3007.358291
3007.358447
3007.358579
3007.36188
3007.406991
3007.409499
3007.479813
3007.481287
3007.483296
3007.507307
3007.51353
3007.517175
3007.56332
3007.565998
3007.574169
3007.57423
3007.711913
3007.714221
3007.714722
3007.717091
3007.720456
3007.720488
3007.721471
3007.722462
3007.723796
3007.725211
3007.766939
3007.921927
3007.923883
3007.927332
3007.94413
3007.94795
3007.974847
3008.1041
3008.116643
3008.149135
3008.173929
3008.183098
3008.183983
3008.193287
3008.195887
3008.382941
3008.395924
3008.40313
3008.403708
3008.405614
3008.41503
3008.415189
3008.415252
3008.415386
3008.415416
3008.417924
3008.42516
3008.425513
3008.433674
3008.434849
3008.462961
3008.470615
3008.490852
3008.588074
3008.620084
3008.620326
3008.634933
3008.644029
3008.645462
3008.650046
3008.650068
3008.653382
3008.655096
3008.820396
3008.836838
3008.837599
3008.837721
3008.849102
3008.854952
3008.862157
3008.86375
3008.870854
3008.873614
3008.975838
3009.071942
3009.078889
3009.079563
3009.089417
3009.089579
3009.181015
3009.195621
3009.195774
3009.195859
3009.209548
3009.210232
3009.289942
3009.292347
3009.30651
3009.306525
3009.310917
3009.31592
3009.375162
3009.4311
3009.431521
3009.431799
3009.570067
3009.574995
3009.583618
3009.584101
3009.591537
3009.594167
3009.778576
3009.778735
3009.786725
3009.792799
3009.795006
3009.801898
3009.802371
3009.80982
3009.817003
3010.015054
3010.022131
3010.022614
3010.030045
3010.038983
3010.179659
3010.232057
3010.238162
3010.238963
3010.239446
3010.248176
3010.250388
3010.25113
3010.251314
3010.254123
3010.254296
3010.256136
3010.256326
3010.258146
3010.258283
3010.26107
3010.261195
3010.262181
3010.262366
3010.262561
3010.262705
3010.263084
3010.263233
3010.264124
3010.264294
3010.264445
3010.264571
3010.320207
3010.321122
3010.353265
3010.353471
3010.354141
3010.35429
3010.35444
3010.354561
3010.356136
3010.356307
3010.356466
3010.356595
3010.356747
3010.356872
3010.357129
3010.357252
3010.357414
3010.357534
3010.358174
3010.358343
3010.358506
3010.358637
3010.42364
3010.438034
3010.449068
3010.51081
3010.511315
3010.519261
3010.539087
3010.603188
3010.739057
3010.746212
3010.748175
3010.755873
3010.755926
3010.758609
3010.76524
3010.766395
3010.774905
3010.776064
3010.946096
3010.976087
3010.983094
3011.000828
3011.008023
3011.037448
3011.050565
3011.050831
3011.052896
3011.071976
3011.236116
3011.243298
3011.243816
3011.250151
3011.267868
3011.443113
3011.463099
3011.470452
3011.47259
3011.479018
3011.479076
3011.482522
3011.489279
3011.491804
3011.50439
3011.504568
3011.670141
3011.710134
3011.717262
3011.734491
3011.752618
3011.780813
3011.82119
3011.980194
3011.987286
3011.989569
3011.998969
3011.999233
3012.187157
3012.197136
3012.204198
3012.204704
3012.211914
3012.215084
3012.41718
3012.424717
3012.571236
3012.627198
3012.925735
3012.936677
3012.939551
3013.139213
3013.148224
3013.148692
3013.154806
3013.155762
3013.156403
3013.161844
3013.162625
3013.162654
3013.423372
3014.611382
3016.010567
3016.014818
3016.149585
3016.356612
3016.367443
3016.401048
3016.408861
3016.423474
3016.604114
3016.713538
3016.950552
3016.958835
3016.978729
3017.053123
3017.26082
3017.284759
3017.324927
3017.325555
3017.325694
3017.337496
3017.485223
3017.494771
3017.521365
3017.683984
3017.684175
3017.684256
3017.692279
3017.693395
3017.721683
3017.722279
3017.722397
3017.722498
3017.72583
3017.727531
3017.835788
3017.836016
3017.836259
3017.976847
3018.182286
3018.183555
3018.190267
3018.193411
3018.21693
3018.227449
3018.427734
3018.432262
3018.44185
3018.444764
3018.479247
3018.578592
3018.583644
3018.583748
3018.593016
3018.594021
3018.645061
3018.655315
3018.659532
3018.899701
3018.908563
3019.109022
3019.109208
3019.119741
3019.352716
3021.060933
3021.061188
3021.069374
3022.622867
3026.250933
3026.260085
3026.991002
3027.002235
3028.78114
3028.782042
3028.782393
3028.782573
3028.78268
3028.784143
3028.787112
3028.787366
3028.787631
3028.790703
3028.810536
3028.810607
3028.814698
3028.814738
3030.350774
3032.150498
3033.843122
3033.843203
3033.843418
3038.624813
3606.34732
3606.681193
3606.681386
3606.681479
3606.681581
3606.836346
3607.18125
3607.347461
3607.681222
3607.698708
3607.699081
3607.735478
3607.736049
3607.786545
3607.786821
3607.799367
3607.799573
3607.945481
3607.970445
3607.995339
3608.081075
3608.081387
3608.181381
3608.181563
3608.209448
3608.209651
3608.212485
3608.212627
3608.470077
3608.470359
3608.671452
3608.671682
3608.681267
3608.914517
3608.914738
3609.347588
3609.409047
3609.409071
3609.412275
3609.424053
3609.437637
3609.453003
3609.458177
3609.463682
3609.591525
3609.691214
3609.691419
3609.739784
3609.73997
3609.753359
3609.772912
3609.77312
3609.778057
3609.77822
3609.780405
3609.780575
3609.783366
3609.783595
3609.784449
3609.784635
3609.784947
3609.785261
3609.786007
3609.786162
3609.786727
3609.786868
3609.787097
3609.787286
3609.787561
3609.787721
3609.840673
3609.840891
3609.852627
3609.85291
3609.853085
3609.853238
3609.853368
3609.853556
3609.85369
3609.853831
3609.853951
3609.854125
3609.854248
3609.854415
3609.85454
3609.854872
3609.854997
3609.855192
3609.855316
3609.855557
3609.855684
3609.855839
3609.855963
3609.894133
3609.899222
3609.899442
3609.899834
3609.943656
3609.943677
3610.010537
3610.036323
3610.036512
3610.041283
3610.044742
3610.058979
3610.061645
3610.103612
3610.117902
3610.118203
3610.118287
3610.123325
3610.127345
3610.141861
3610.156421
3610.174331
3610.181441
3610.181615
3610.356126
3610.495645
3610.535551
3610.666813
3610.666846
3610.669685
3610.681388
3610.681578
3610.805425
3610.818688
3610.862452
3610.995627
3611.020837
3611.045568
3611.128211
3611.128231
3611.171384
3611.223623
3611.223857
3611.373736
3611.424037
3611.681442
3611.746083
3611.759877
3611.842708
3611.891231
3611.944601
3611.944736
3612.000709
3612.120605
3612.173649
3612.181578
3612.265638
3612.269707
3612.275112
3612.282684
3612.282768
3612.286523
3612.292727
3612.293069
3612.304454
3612.304949
3612.49955
3612.509517
3612.510854
3612.513753
3612.513812
3612.517214
3612.523851
3612.526928
3612.530762
3612.5917
3612.703503
3612.729528
3612.733942
3612.734623
3612.736974
3612.739172
3612.753672
3612.772723
3612.77292
3612.778649
3612.778813
3612.780716
3612.78086
3612.783704
3612.783942
3612.784645
3612.784804
3612.785647
3612.785818
3612.785969
3612.786094
3612.786637
3612.786809
3612.78774
3612.78787
3612.788037
3612.788172
3612.828695
3612.853753
3612.853955
3612.854096
3612.854216
3612.854384
3612.854525
3612.854689
3612.854806
3612.855128
3612.855289
3612.855445
3612.855715
3612.855872
3612.855999
3612.856294
3612.856454
3612.856619
3612.856738
3612.856888
3612.857003
3612.923652
3612.938621
3612.939535
3612.998327
3613.001896
3613.018801
3613.02166
3613.027205
3613.057982
3613.076724
3613.188544
3613.241768
3613.25957
3613.262826
3613.263351
3613.267249
3613.282196
3613.347757
3613.378537
3613.489599
3613.492433
3613.4929
3613.495319
3613.495367
3613.496262
3613.497806
3613.498873
3613.500227
3613.568473
3613.664091
3613.69258
3613.70167
3613.702528
3613.725062
3613.73367
3613.761867
3613.779706
3613.779925
3613.962589
3613.972544
3613.989297
3613.989779
3614.000244
3614.004011
3614.022674
3614.030493
3614.050063
3614.093324
3614.172648
3614.202646
3614.210608
3614.211168
3614.213022
3614.223852
3614.225382
3614.225449
3614.225958
3614.225994
3614.230559
3614.234915
3614.23534
3614.244666
3614.246288
3614.286916
3614.408656
3614.409595
3614.409686
3614.418228
3614.445637
3614.455596
3614.456477
3614.464224
3614.466623
3614.665668
3614.673102
3614.67415
3614.681652
3614.681681
3614.684527
3614.739775
3614.778671
3614.778838
3614.778925
3614.793592
3614.793594
3614.882667
3614.8864
3614.887034
3614.889153
3614.90635
3614.943694
3614.94424
3614.944813
3615.102697
3615.110918
3615.128221
3615.135958
3615.168013
3615.30376
3615.303924
3615.31755
3615.318907
3615.362661
3615.369264
3615.369676
3615.377585
3615.377632
3615.385275
3615.387416
3615.489868
3615.588724
3615.59183
3615.596542
3615.597027
3615.604013
3615.611227
3615.71756
3615.753853
3615.759831
3615.7694
3615.772837
3615.773012
3615.778852
3615.779012
3615.780842
3615.781014
3615.783819
3615.783993
3615.784799
3615.78494
3615.785833
3615.785992
3615.786126
3615.786248
3615.786748
3615.786872
3615.787796
3615.787945
3615.788095
3615.788219
3615.805715
3615.836291
3615.853943
3615.854148
3615.85429
3615.854423
3615.85481
3615.854954
3615.855103
3615.855225
3615.855379
3615.855505
3615.855748
3615.855933
3615.856099
3615.856216
3615.856806
3615.856996
3615.85715
3615.857302
3615.857455
3615.857599
3615.890876
3615.891432
3615.955863
3616.035559
3616.039298
3616.104836
3616.194551
3616.200512
3616.215446
3616.240742
3616.241641
3616.25295
3616.253383
3616.2613
3616.263949
3616.462728
3616.469878
3616.470386
3616.477879
3616.496713
3616.5734
3616.574483
3616.574571
3616.588617
3616.607289
3616.697742
3616.705147
3616.706363
3616.713821
3616.713894
3616.716863
3616.724006
3616.725184
3616.735982
3616.737108
3616.904797
3616.934785
3616.942694
3616.947183
3616.947737
3616.947826
3616.960544
3616.960739
3616.961168
3616.964388
3616.990845
3617.101595
3617.102222
3617.1028
3617.128324
3617.139989
3617.140198
3617.14261
3617.324827
3617.332735
3617.333294
3617.341627
3617.358527
3617.460253
3617.461663
3617.472383
3617.475444
3617.476272
3617.53483
3617.554813
3617.563672
3617.565064
3617.571851
3617.571898
3617.575238
3617.58209
3617.583464
3617.592187
3617.59281
3617.740894
3617.763806
3617.793846
3617.79681
3617.815334
3617.818185
3617.834208
3617.857056
3617.857183
3617.862467
3618.041399
3618.04224
3618.080958
3618.273865
3618.280872
3618.283046
3618.292116
3618.294702
3618.303369
3618.400144
3618.437344
3618.43763
3618.43774
3618.437836
3618.450924
3618.451381
3618.480878
3618.500871
3618.510347
3618.511081
3618.517017
3618.520027
3618.720883
3618.729126
3618.809563
3618.809742
3618.80986
3618.809943
3618.81003
3618.81011
3618.822781
3618.823366
3618.824011
3618.928911
3619.230822
3619.236713
3619.239471
3619.439949
3619.445747
3619.44619
3619.451645
3619.458433
3619.459004
3619.462578
3619.466408
3619.466442
3619.607069
3620.08965
3620.112268
3620.449404
3620.984364
3620.984989
3621.342359
3621.348216
3621.353968
3621.382855
3621.389745
3621.58167
3621.711887
3621.940158
3621.947675
3621.960454
3622.024078
3622.318765
3622.31928
3622.31937
3622.326261
3622.331498
3622.352153
3622.565226
3622.570431
3622.601216
3622.607227
3622.69278
3622.692956
3622.693039
3622.702888
3622.703396
3622.81413
3622.814727
3622.814845
3622.820335
3622.854856
3622.855471
3622.85612
3623.033081
3623.038524
3623.206409
3623.214601
3623.214763
3623.222162
3623.225635
3623.460068
3623.464579
3623.596178
3623.596358
3623.607084
3623.610579
3623.624481
3623.677546
3623.682378
3623.688555
3623.690582
3623.90342
3623.90946
3623.917534
3624.13748
3624.137639
3624.141682
3624.142436
3624.177106
3624.18338
3624.396286
3624.396439
3624.406142
3624.979351
3626.344401
3627.18426
3627.184545
3627.190158
3628.117528
3632.341682
3632.352322
3633.281734
3633.288723
3637.198875
3637.199376
3637.208077
3637.27841
3637.349146
3642.181205
3642.200164
3642.382383
3644.125516
3647.222867
3647.223191
3647.230264
3647.353522
3647.36219
3648.283587
3648.294436
3649.365516
3649.367429
3649.367904
3649.368098
3649.368205
3649.370572
3649.372608
3649.373414
3649.373416
3649.375004
3649.401152
3649.401231
3649.402452
3649.402491
3652.047992
3652.137005
