0.00016300000425
0.017408000007
0.017531000005
0.695666000007
3.527006
3.54007700001
3.542065
4.455735
5.93665700001
5.946704
8.009938
8.075324
9.651597
9.655268
9.756889
9.760567
9.761597
9.765561
9.866949
13.625952
20.380683
23.452084
23.45331
23.562211
23.563484
23.566862
23.570905
23.677046
25.545039
25.55177
25.580306
25.585692
25.586592
25.590688
26.383406
26.394422
31.100131
34.673763
34.686787
36.496023
39.28774
39.298334
41.892686
41.895811
41.906497
41.909571
41.913645
41.914579
61.457777
72.703535
72.704979
72.705106
72.71045
72.712305
72.726499
72.731114
72.746962
72.760812
72.761142
72.76126
72.761698
72.769816
72.771771
72.785622
72.792319
72.929573
72.930021
72.930199
72.953207
72.954767
72.961832
72.964455
72.97988
72.980013
72.991989
72.992119
73.020429
73.027537
73.03405
73.034466
73.03626
73.041491
73.045411
73.047886
73.05056
73.065518
73.079502
73.079642
73.079878
73.079968
73.088081
73.088219
73.102154
73.106778
73.249479
73.249643
73.249828
73.264617
73.265087
73.271164
73.273251
73.274108
73.287932
73.355893
73.361024
73.651951
73.6529
73.66692
73.693292
73.693407
73.693783
73.704847
73.704953
73.719125
73.721466
77.289405
77.297182
77.305151
84.387607
91.90905
122.329063
125.945914
130.797511
130.815962
132.757697
132.761893
132.771578
132.775701
132.788004
132.788186
138.242456
138.66941
138.686189
138.784198
138.791533
138.812521
138.910672
138.910832
138.911214
138.922066
138.922782
139.020086
139.032798
139.093504
139.09385
139.094135
139.191831
139.194506
139.201399
139.205267
139.304157
139.304299
139.315123
139.315322
139.31982
139.323336
139.421233
152.74918
183.122385
186.649831
489.505123
489.785328
489.785546
489.785637
489.785744
490.300189
490.348066
490.518764
490.799345
490.815811
490.816199
490.854207
490.85458
490.90882
490.90907
490.924239
490.924391
490.971618
490.971633
490.974892
490.987771
490.999939
491.000123
491.001404
491.004852
491.010136
491.018143
491.080515
491.111648
491.205918
491.206141
491.298645
491.298823
491.331355
491.331583
491.33174
491.331867
491.334281
491.354397
491.35442
491.356253
491.458077
491.598199
491.59842
491.68587
491.710563
491.71074
491.753997
491.780884
491.797705
491.891634
491.89191
492.036345
492.036553
492.104175
492.429261
492.447666
492.531154
492.772909
492.772935
492.780773
492.799142
492.799339
492.828969
492.829321
492.852992
492.853201
492.853739
492.853867
492.859185
492.859852
492.861208
492.861514
492.861851
492.861985
492.862363
492.862563
492.863963
492.864106
492.864485
492.86467
492.865229
492.865367
492.865618
492.865746
492.867248
492.93694
492.937323
492.95211
492.952457
492.952609
492.952733
492.952917
492.953047
492.95327
492.953398
492.953569
492.953723
492.954035
492.954166
492.954324
492.954448
492.954611
492.954732
492.954921
492.955043
492.955213
492.955336
493.036267
493.038942
493.039764
493.295396
493.295603
493.794537
493.794749
493.910776
493.925024
493.932548
493.950608
493.964537
493.96522
493.965349
493.977622
493.978607
493.983821
493.997942
494.122473
494.153464
494.497062
494.497308
494.699811
494.792939
494.861518
494.92744
495.018818
495.136289
495.152156
495.157654
495.165347
495.165392
495.165628
495.165899
495.17903
495.179242
495.185414
495.292187
495.38575
495.392648
495.393731
495.401633
495.403581
495.403857
495.463867
495.604151
495.615158
495.615771
495.623256
495.624451
495.666641
495.791618
495.822565
495.826265
495.843616
495.850415
495.854002
495.854169
495.854317
495.854439
495.867758
495.870878
495.871072
495.871218
495.871341
495.87148
495.871602
495.871739
495.871861
495.871996
495.872117
495.872251
495.872372
495.872489
495.87261
495.872796
495.872921
495.888386
495.932124
495.963279
495.963474
495.963617
495.963747
495.963907
495.964031
495.964166
495.964311
495.964465
495.964587
495.96472
495.964866
495.965018
495.965143
495.965296
495.965419
495.965579
495.965703
495.965859
495.965985
496.103369
496.111094
496.111564
496.119337
496.138858
496.197094
496.213385
496.228207
496.353029
496.360165
496.360675
496.369001
496.369051
496.369943
496.371782
496.374803
496.376213
496.540368
496.571348
496.571352
496.584336
496.601175
496.609511
496.640198
496.852178
496.87431
496.875174
496.882222
496.889965
497.086165
497.101754
497.101958
497.102104
497.109059
497.110025
497.119309
497.119761
497.119794
497.211084
497.305045
497.788204
498.069155
498.802442
498.833375
498.864826
498.865012
498.865162
498.86528
498.880366
498.8805
498.880635
498.880759
498.880894
498.881018
498.881152
498.881272
498.881414
498.881576
498.881712
498.881897
498.882044
498.882171
498.882327
498.882455
498.942643
498.973991
498.974133
498.974275
498.974393
498.974529
498.974648
498.974794
498.974915
498.975048
498.975232
498.97537
498.975489
498.975625
498.975749
498.975866
498.975985
498.976121
498.976243
498.976383
498.976568
499.317083
499.599404
499.799631
499.902885
500.362295
501.126601
502.796118
503.326353
504.543374
505.806722
506.380711
506.381195
506.381363
506.383771
506.390692
506.393109
507.942158
507.975451
508.048729
511.329114
511.411774
511.411843
511.412629
517.61825
569.788179
569.798943
569.799083
569.799172
569.79927
570.298104
570.509313
570.797276
570.797546
570.80449
570.804503
570.808875
570.814014
570.815717
570.820503
570.836514
570.843973
570.844733
570.92238
570.922621
571.062944
571.093927
571.296585
571.296786
571.312803
571.343799
571.344085
571.476697
571.476716
571.481241
571.648511
571.795697
571.811781
571.812003
571.962669
571.99901
571.999215
572.170305
572.170516
572.283967
572.47828
572.479708
572.479871
572.493884
572.68538
572.685597
572.685778
572.685903
572.797
572.79729
572.82598
572.82634
572.829526
572.839653
572.839864
572.840601
572.840733
572.841602
572.841756
572.842443
572.842594
572.843082
572.843217
572.84724
572.847395
572.848415
572.84856
572.848873
572.849003
572.849434
572.849666
572.850072
572.850198
572.934801
572.935009
572.935723
572.935868
572.936092
572.936215
572.936462
572.936586
572.936845
572.936972
572.937465
572.937596
572.937867
572.937993
572.938151
572.938298
572.938451
572.938573
572.938725
572.938848
572.939248
572.939369
572.972667
572.977476
572.977687
572.978029
573.059732
573.293405
573.293625
573.379565
573.524785
573.538925
573.554038
573.567166
573.581382
573.582606
573.582693
573.593712
573.593834
573.601216
573.615439
573.792483
573.792697
574.104853
574.135778
574.775472
574.775678
574.790901
574.860877
574.978817
575.165428
575.227916
575.290143
575.321382
575.334927
575.339822
575.349776
575.34982
575.350056
575.350324
575.360123
575.360391
575.367941
575.430768
575.570938
575.584088
575.58518
575.593617
575.594945
575.650334
575.695831
575.742665
575.789337
575.796343
575.796934
575.803461
575.805103
575.836697
575.836927
575.837085
575.837205
575.852021
575.852186
575.852367
575.852496
575.852676
575.852805
575.852982
575.853106
575.853297
575.853423
575.853592
575.853715
575.853881
575.854005
575.854176
575.854302
575.945732
575.945957
575.946121
575.946243
575.946396
575.946516
575.94667
575.94679
575.946939
575.947059
575.947213
575.947332
575.947484
575.947606
575.947754
575.947875
575.948027
575.948147
575.948301
575.948425
575.96169
576.007718
576.070267
576.07575
576.092473
576.100718
576.133735
576.14837
576.183797
576.191034
576.194986
576.195185
576.304332
576.335297
576.33749
576.339212
576.341181
576.351916
576.50693
576.553692
576.561246
576.561725
576.568092
576.56816
576.569046
576.576746
576.576946
576.578437
576.772094
576.787691
576.799618
576.816079
576.827186
576.83485
576.856317
577.052929
577.059867
577.060675
577.0686
577.073803
577.271321
577.271484
577.281879
577.281892
577.284625
577.285403
577.302773
577.310072
577.310114
577.318206
577.380632
577.380816
577.54048
577.583743
577.78611
577.914843
577.914863
578.347871
578.428312
578.847202
578.847414
578.847593
578.847712
578.863082
578.863228
578.863401
578.86352
578.86369
578.863818
578.863985
578.864111
578.864305
578.864426
578.8646
578.864724
578.864894
578.865017
578.865185
578.86531
578.956326
578.956469
578.956684
578.956802
578.956967
578.957091
578.957256
578.957378
578.957541
578.957665
578.95783
578.957952
578.958116
578.958251
578.958399
578.958521
578.958687
578.958806
578.958972
578.959096
579.095269
579.112139
579.205801
579.330606
579.689353
579.878155
580.641084
581.405343
582.092931
582.371434
582.371884
582.372042
582.374027
582.379925
582.386151
583.339844
584.838633
585.104079
587.408217
587.408282
587.40857
588.239272
591.343941
681.18426
681.293266
681.293486
681.29358
681.293685
681.792491
682.05613
682.136604
682.136628
682.142586
682.145019
682.156633
682.198464
682.291682
682.305505
682.30598
682.336411
682.33685
682.385781
682.386027
682.416573
682.416721
682.55721
682.589346
682.613357
682.682523
682.682738
682.790971
682.791183
682.793225
682.793238
682.799821
682.806888
682.807086
682.807265
682.807395
682.934564
683.072062
683.072258
683.256564
683.290074
683.509074
683.509338
683.571198
683.571378
683.577683
683.804578
684.210684
684.296674
684.296867
684.321595
684.321945
684.324861
684.325106
684.326242
684.326377
684.327216
684.327344
684.32752
684.327643
684.327872
684.327993
684.328468
684.328608
684.329154
684.329284
684.329587
684.329712
684.330613
684.330759
684.331108
684.331216
684.428178
684.428387
684.428594
684.428719
684.429079
684.429239
684.429644
684.429783
684.43006
684.430194
684.430505
684.430637
684.431084
684.431213
684.432812
684.432947
684.433086
684.433207
684.433346
684.433467
684.433602
684.433724
684.445826
684.504954
684.511451
684.511705
684.512373
684.78781
684.788021
684.851698
685.286887
685.287071
685.599045
685.630505
686.176464
686.176672
686.285267
686.35409
686.379342
686.535037
686.685819
686.800146
686.825091
686.826367
686.826517
686.848222
686.862392
686.871144
686.87686
686.879354
686.892882
686.907084
686.908275
686.908389
686.90936
686.932663
686.932908
686.941734
686.955942
687.009828
687.014601
687.023866
687.023929
687.028608
687.034287
687.034598
687.042448
687.043204
687.143465
687.158988
687.252516
687.261824
687.262775
687.270187
687.273083
687.330722
687.330914
687.331067
687.331201
687.331357
687.331483
687.331641
687.33177
687.331926
687.332051
687.332202
687.332326
687.332483
687.332607
687.332765
687.332891
687.333059
687.333187
687.333341
687.333465
687.424177
687.424433
687.42459
687.424735
687.424856
687.439849
687.439978
687.440142
687.440259
687.440411
687.440537
687.440687
687.440794
687.440976
687.441101
687.441254
687.441379
687.44153
687.441653
687.441806
687.441931
687.455416
687.4709
687.548955
687.598898
687.599523
687.604964
687.60692
687.689667
687.690717
687.72289
687.733453
687.736227
687.814111
687.822624
687.839272
687.848802
687.872701
687.907749
688.079298
688.088407
688.088833
688.099324
688.117082
688.219938
688.313306
688.33054
688.331001
688.342436
688.342496
688.343483
688.352385
688.352581
688.363955
688.531706
688.562886
688.571752
688.588083
688.59525
688.627748
688.703378
688.781454
688.781667
688.843721
688.855693
688.85571
688.860266
688.861055
688.869415
688.87491
688.984484
689.077711
689.077866
689.077974
689.098878
689.099469
689.105507
689.107052
689.107081
689.296097
689.403266
689.403283
689.748633
690.341505
690.341697
690.341858
690.341979
690.342143
690.342284
690.34244
690.342565
690.342722
690.342847
690.343002
690.343126
690.343281
690.343405
690.343559
690.343683
690.343838
690.343962
690.344116
690.344241
690.435147
690.435289
690.435431
690.43555
690.450766
690.450945
690.451108
690.451235
690.45139
690.451513
690.451652
690.451776
690.451934
690.452052
690.452205
690.452328
690.452484
690.452608
690.45276
690.452883
690.48068
690.512924
690.56008
690.715814
691.279082
692.041831
692.806121
693.477126
694.349744
694.354194
694.354665
694.35483
694.359952
694.360232
694.756259
696.222697
696.488035
699.086194
699.380709
699.380762
699.38244
699.888631
700.031195
702.759023
715.074077
715.083283
715.084125
715.089081
715.089197
715.089213
715.130587
715.141026
715.173985
715.285764
715.285962
715.286053
715.286182
715.496379
715.66885
715.668872
715.675963
715.800588
715.953992
716.097104
716.288523
716.299738
716.315935
716.316238
716.346404
716.347284
716.393928
716.394214
716.565046
716.597838
716.603144
716.691006
716.691209
716.716001
716.716015
716.718791
716.80003
716.800228
716.81588
716.816044
716.816229
716.81635
717.081212
717.081413
717.299129
717.455361
717.455545
717.518002
717.518237
717.985755
718.110549
718.309077
718.309295
718.328612
718.329137
718.363105
718.363444
718.363452
718.363651
718.363805
718.364028
718.364161
718.364395
718.364526
718.364757
718.365283
718.365911
718.366326
718.367723
718.36786
718.375783
718.376034
718.376815
718.376947
718.377944
718.378107
718.406506
718.441343
718.441528
718.441679
718.441807
718.441945
718.442064
718.442222
718.442343
718.442556
718.442677
718.44282
718.44294
718.443146
718.443269
718.443413
718.443525
718.443767
718.443891
718.444046
718.444168
718.478661
718.478949
718.536767
718.537348
718.537453
718.796811
718.797045
719.295929
719.296121
719.608138
719.639518
719.706516
719.757133
719.757154
719.762679
719.764245
719.764362
719.772947
719.787093
719.791375
719.796273
719.816622
719.830767
719.832212
719.832331
719.843042
719.843249
719.855317
719.869519
720.030739
720.030768
720.060568
720.060848
720.263668
720.294324
720.363453
720.492559
720.653287
720.752632
720.793605
720.871628
720.996563
721.016776
721.027661
721.230456
721.284318
721.290578
721.296021
721.29608
721.299046
721.308588
721.308931
721.315684
721.316902
721.371072
721.371226
721.371365
721.371484
721.371616
721.371736
721.371866
721.371984
721.372112
721.372228
721.372358
721.372474
721.372605
721.372722
721.386547
721.386692
721.386862
721.386996
721.387149
721.387271
721.448976
721.449102
721.449266
721.449408
721.449561
721.449684
721.449833
721.449951
721.450103
721.450218
721.450375
721.450498
721.450652
721.450777
721.45093
721.451054
721.451208
721.451332
721.451484
721.451604
721.495652
721.526752
721.598849
721.599808
721.605771
721.610755
721.698569
721.714186
721.792
721.807581
721.807664
721.815946
721.816613
721.82768
721.83556
722.041555
722.045762
722.062415
722.070057
722.104001
722.119694
722.288635
722.306746
722.315142
722.315626
722.322561
722.339669
722.556375
722.565304
722.565845
722.572531
722.572585
722.573419
722.578634
722.589715
722.589892
722.665763
722.665983
722.75919
722.790398
722.798287
722.815275
722.821791
722.827107
722.853093
722.868725
723.055551
723.065242
723.066021
723.07779
723.077998
723.273973
723.289551
723.289569
723.297793
723.298753
723.310032
723.310193
723.310221
723.632953
724.007447
724.308143
724.381939
724.382138
724.38229
724.38241
724.382605
724.38274
724.382896
724.38302
724.383176
724.383309
724.383462
724.383586
724.383741
724.383867
724.397174
724.397292
724.397438
724.397599
724.397726
724.397904
724.398033
724.459797
724.45997
724.460124
724.460249
724.460401
724.460524
724.460679
724.460829
724.46098
724.4611
724.461235
724.461358
724.461507
724.461646
724.461803
724.461932
724.462084
724.462208
724.462359
724.462483
724.709306
724.834063
724.988865
725.163135
725.926105
726.690426
727.985339
728.334903
728.843289
730.122687
730.514704
730.996211
733.741926
736.355368
736.562394
736.57123
736.571707
736.571873
736.574571
736.579054
736.9085
741.606812
741.606874
741.608724
746.128243
831.929396
832.287919
832.288099
832.288197
832.288303
832.787182
832.788702
832.943345
833.032724
833.032746
833.040262
833.041182
833.052061
833.286334
833.302388
833.302746
833.332702
833.33309
833.380286
833.380529
833.411308
833.411477
833.506537
833.552189
833.583096
833.676747
833.676942
833.687033
833.687048
833.689119
833.690859
833.690998
833.69624
833.697368
833.785663
833.785871
833.801471
833.801656
833.80188
833.802005
833.829319
834.066649
834.066861
834.155955
834.300336
834.300698
834.300887
834.485602
834.503726
834.503908
834.735422
834.955864
835.110707
835.172277
835.174189
835.179379
835.189821
835.301745
835.301947
835.342936
835.343261
835.345969
835.346132
835.35206
835.352251
835.355187
835.355323
835.355588
835.355713
835.35642
835.35655
835.356762
835.356884
835.357195
835.357319
835.35764
835.35779
835.358042
835.358168
835.35849
835.35861
835.420455
835.420637
835.420953
835.421094
835.421356
835.421488
835.421973
835.422114
835.422364
835.422489
835.422736
835.422868
835.423422
835.423579
835.423936
835.424074
835.424239
835.424374
835.424554
835.424704
835.439236
835.439408
835.45987
835.464758
835.46495
835.465305
835.762048
835.77631
835.785889
835.798022
835.798198
835.799286
835.813581
835.81401
835.814106
835.823869
835.824061
835.833662
835.847802
836.297134
836.297312
836.531469
836.593752
836.624785
836.905763
836.905983
837.108881
837.295532
837.364385
837.482933
837.794837
837.872904
837.897908
837.904694
837.905392
837.912542
837.91256
837.917685
837.917744
837.919766
837.920086
837.92228
837.92751
837.932096
838.137963
838.167087
838.16796
838.169235
838.171272
838.171546
838.185141
838.35661
838.356803
838.356961
838.357102
838.35727
838.357404
838.35756
838.357687
838.35784
838.357965
838.358124
838.35825
838.358406
838.358532
838.358687
838.358812
838.35897
838.359096
838.359257
838.359383
838.371969
838.418961
838.419097
838.419232
838.419351
838.419485
838.419603
838.419737
838.419856
838.419991
838.420112
838.420247
838.420347
838.434517
838.435319
838.435461
838.435605
838.435731
838.435869
838.435989
838.436125
838.436246
838.492927
838.493636
838.543744
838.637202
838.63747
838.684474
838.687852
838.687975
838.902371
838.909782
838.926468
838.935263
838.965
839.510907
839.51116
839.698456
839.714016
839.783041
839.783552
839.791036
839.791068
839.798478
839.814744
840.025575
840.035185
840.035656
840.243975
840.290761
840.478094
841.19585
841.242386
841.367397
841.367616
841.367763
841.367889
841.368055
841.36819
841.368348
841.368474
841.36863
841.368757
841.36891
841.369035
841.369188
841.369313
841.369466
841.36959
841.369741
841.369866
841.37002
841.370145
841.429768
841.429908
841.430076
841.430212
841.430358
841.430487
841.430649
841.430779
841.430928
841.431044
841.431199
841.431317
841.445428
841.445569
841.445704
841.445847
841.445999
841.446131
841.446285
841.446422
841.554451
841.710493
841.909936
842.008394
842.192515
842.771306
843.036371
843.043611
843.043676
843.044638
843.057163
843.057276
843.057473
843.270374
843.27952
843.29577
843.303059
843.333073
843.535637
843.535876
843.56021
843.561023
843.570007
843.571314
843.769568
843.785181
843.792175
843.793338
843.801639
843.80188
843.801911
845.189327
845.71972
846.9678
848.200123
848.87247
848.872918
848.873087
848.875323
848.877236
848.887873
849.933067
850.586962
850.631663
852.071205
853.722509
853.941818
853.941871
853.942057
1089.361595
1089.797671
1089.79786
1089.797953
1089.798056
1090.203056
1090.296814
1090.375003
1090.795988
1090.810691
1090.810988
1090.84792
1090.848346
1090.889931
1090.890221
1090.921042
1090.921206
1090.985745
1090.985766
1090.991348
1090.995631
1091.005626
1091.02538
1091.029936
1091.030316
1091.06196
1091.092608
1091.186962
1091.187183
1091.295288
1091.295454
1091.311276
1091.311442
1091.3116
1091.311726
1091.453736
1091.578653
1091.578849
1091.601056
1091.601078
1091.602843
1091.732176
1091.732409
1091.776592
1091.794379
1092.013021
1092.013213
1092.102834
1092.379547
1092.387404
1092.424505
1092.62143
1092.700961
1092.700974
1092.707859
1092.796035
1092.796266
1092.83545
1092.835783
1092.868596
1092.868805
1092.869104
1092.869237
1092.869471
1092.869604
1092.869947
1092.870123
1092.87062
1092.870862
1092.871558
1092.871685
1092.872549
1092.872679
1092.873035
1092.873177
1092.87344
1092.873576
1092.873833
1092.873968
1092.933473
1092.933708
1092.95733
1092.957532
1092.957842
1092.957973
1092.958296
1092.958433
1092.958766
1092.958919
1092.959239
1092.959365
1092.959697
1092.959825
1092.960265
1092.960393
1092.961509
1092.961643
1092.962185
1092.962319
1092.964435
1092.964563
1092.999282
1093.004152
1093.004354
1093.005644
1093.292051
1093.292214
1093.791199
1093.791391
1094.103461
1094.134429
1094.3375
1094.337727
1094.540581
1094.789617
1094.858461
1095.148541
1095.228955
1095.288924
1095.304518
1095.366888
1095.632278
1095.710069
1095.866289
1095.866479
1095.866665
1095.866799
1095.866954
1095.86708
1095.867236
1095.867362
1095.881708
1095.881913
1095.882084
1095.88221
1095.882363
1095.882514
1095.882664
1095.882794
1095.882945
1095.883078
1095.88324
1095.883373
1095.959851
1095.959996
1095.960141
1095.960283
1095.960442
1095.96057
1095.960726
1095.960846
1095.960998
1095.961121
1095.961273
1095.961425
1095.961577
1095.961702
1095.961857
1095.961983
1095.962139
1095.962263
1095.97544
1095.975444
1095.975594
1096.068912
1096.162603
1096.178228
1096.271729
1096.396759
1096.942563
1096.942771
1097.145642
1097.286182
1097.80042
1097.909743
1098.643187
1098.674032
1098.877222
1098.877402
1098.877564
1098.877687
1098.877842
1098.877969
1098.878133
1098.878261
1098.892557
1098.892698
1098.892858
1098.892986
1098.893138
1098.893263
1098.893414
1098.893539
1098.89369
1098.893819
1098.893971
1098.894096
1098.970637
1098.970771
1098.970929
1098.971075
1098.971226
1098.971342
1098.971498
1098.971622
1098.971775
1098.971895
1098.972031
1098.972154
1098.972304
1098.972448
1098.972606
1098.972733
1098.972889
1098.973014
1098.986125
1098.986397
1099.173314
1099.29813
1330.195374
1330.288618
1330.288843
1330.288935
1330.289041
1330.787831
1331.118591
1331.209239
1331.287
1331.306409
1331.306754
1331.329729
1331.330225
1331.380949
1331.381203
1331.412017
1331.412164
1331.530494
1331.530518
1331.536122
1331.538793
1331.55236
1331.55622
1331.583495
1331.678461
1331.678793
1331.786329
1331.78653
1331.802748
1331.802983
1331.803137
1331.803288
1331.8792
1332.067239
1332.067433
1332.199869
1332.285514
1332.409577
1332.409594
1332.411356
1332.412509
1332.412614
1332.417199
1332.420816
1332.504119
1332.504361
1332.522868
1332.566467
1332.566652
1332.64463
1332.843298
1333.221719
1333.302497
1333.302725
1333.341358
1333.341804
1333.364674
1333.364897
1333.365919
1333.366045
1333.367431
1333.367584
1333.367961
1333.368211
1333.369377
1333.369503
1333.370346
1333.370499
1333.370809
1333.371009
1333.37134
1333.371538
1333.371881
1333.372021
1333.372236
1333.372367
1333.424858
1333.426228
1333.426365
1333.440327
1333.440531
1333.455602
1333.455894
1333.456034
1333.45623
1333.456352
1333.456511
1333.456642
1333.45681
1333.456948
1333.457094
1333.457219
1333.457394
1333.457529
1333.457699
1333.457832
1333.457995
1333.458102
1333.458249
1333.45837
1333.458522
1333.458642
1333.482627
1333.493982
1333.4987
1333.498883
1333.499563
1333.506068
1333.520245
1333.523189
1333.623336
1333.628186
1333.642514
1333.648581
1333.656643
1333.657116
1333.657233
1333.665565
1333.666173
1333.678095
1333.68703
1333.687887
1333.687998
1333.692182
1333.695831
1333.735602
1333.798671
1333.798836
1333.816915
1333.826595
1333.86743
1333.867898
1333.868008
1333.875134
1333.875376
1333.91506
1333.995293
1334.195485
1334.297957
1334.298116
1334.304168
1334.31236
1334.319034
1334.359286
1334.457159
1334.461839
1334.472393
1334.513709
1334.594414
1334.614127
1334.617833
1334.625345
1334.625454
1334.664095
1334.767521
1334.772297
1334.778645
1334.817726
1334.921389
1334.926537
1334.957907
1334.998923
1335.099521
1335.104917
1335.171648
1335.171817
1335.296215
1335.302815
1335.344129
1335.362609
1335.374702
1335.443202
1335.447014
1335.461808
1335.503098
1335.577136
1335.657186
1335.748688
1335.756251
1335.760996
1335.78387
1335.783918
1335.784183
1335.784499
1335.787627
1335.789413
1335.793656
1335.795509
1335.816959
1335.819111
1335.848833
1335.873504
1335.887977
1335.99826
1336.004675
1336.005769
1336.01074
1336.016384
1336.098914
1336.103401
1336.12336
1336.138743
1336.163291
1336.169906
1336.216627
1336.221261
1336.221813
1336.226381
1336.227777
1336.276749
1336.276854
1336.282066
1336.282338
1336.298925
1336.338383
1336.372905
1336.373055
1336.373199
1336.373356
1336.373514
1336.373632
1336.373793
1336.373919
1336.374073
1336.374197
1336.374351
1336.374478
1336.374631
1336.374756
1336.374912
1336.375037
1336.375198
1336.375323
1336.375472
1336.375597
1336.435044
1336.435273
1336.442562
1336.450727
1336.466515
1336.466759
1336.466898
1336.467044
1336.467164
1336.467295
1336.467414
1336.467547
1336.467687
1336.467822
1336.467941
1336.468133
1336.468253
1336.468408
1336.468527
1336.468674
1336.468797
1336.468944
1336.469064
1336.469211
1336.469331
1336.500844
1336.505391
1336.517355
1336.53172
1336.57155
1336.591841
1336.604909
1336.644983
1336.669437
1336.700334
1336.724997
1336.730473
1336.731669
1336.835103
1336.840352
1336.856245
1336.858356
1336.858836
1336.861286
1336.878729
1336.903059
1337.090238
1337.096596
1337.097031
1337.100874
1337.100921
1337.101739
1337.103521
1337.108939
1337.109303
1337.230941
1337.267043
1337.307738
1337.308633
1337.308634
1337.3155
1337.316571
1337.325603
1337.332802
1337.339356
1337.366753
1337.370884
1337.371
1337.375694
1337.376555
1337.420917
1337.502252
1337.507928
1337.548436
1337.549855
1337.550275
1337.552896
1337.556181
1337.573849
1337.576021
1337.576763
1337.578716
1337.581623
1337.598637
1337.678218
1337.714509
1337.776638
1337.776943
1337.777116
1337.792244
1337.827758
1337.82777
1337.830252
1337.831144
1337.834109
1337.836192
1337.836224
1337.979825
1338.070373
1338.253475
1338.26095
1338.265341
1338.291436
1338.305764
1338.395729
1338.395748
1338.406089
1338.40938
1338.456785
1338.480889
1338.498404
1338.59803
1338.603296
1338.614141
1338.655294
1338.743989
1338.757849
1338.762514
1338.770488
1338.77774
1338.809443
1338.81422
1338.817039
1338.81999
1338.854412
1339.383785
1339.383978
1339.384138
1339.384275
1339.384428
1339.384553
1339.38471
1339.384836
1339.385019
1339.385168
1339.385315
1339.385437
1339.385578
1339.385751
1339.385908
1339.386043
1339.386202
1339.386321
1339.386478
1339.386603
1339.477259
1339.477403
1339.477543
1339.477661
1339.477795
1339.477915
1339.478049
1339.478168
1339.478302
1339.478418
1339.478561
1339.47868
1339.478821
1339.478949
1339.479087
1339.479212
1339.479367
1339.479486
1339.479636
1339.47974
1339.492132
1339.50825
1339.602021
1339.726719
1340.274386
1340.481104
1341.037222
1341.80147
1342.487988
1343.735958
1345.23376
1345.498799
1348.510001
1348.634858
1351.738812
1360.899366
1360.899851
1360.900018
1360.903724
1360.904376
1361.239406
1364.509853
1365.971327
1365.971393
1365.97207
1367.744455
1368.901072
1780.846487
1780.846507
1780.854199
1780.859166
1780.941779
1781.272251
1781.290186
1781.290411
1781.290504
1781.29061
1781.72288
1781.747796
1781.789444
1781.867648
1781.938141
1781.938169
1781.941613
1782.06952
1782.288594
1782.313001
1782.313228
1782.355505
1782.356071
1782.391695
1782.398111
1782.398357
1782.413539
1782.413692
1782.503685
1782.526289
1782.533158
1782.538613
1782.569723
1782.600732
1782.694653
1782.694853
1782.787923
1782.788094
1782.819259
1782.819427
1782.819605
1782.819757
1782.947679
1782.948809
1782.964913
1783.084989
1783.085192
1783.240422
1783.240657
1783.286997
1783.52124
1783.521423
1783.874824
1783.880295
1783.981807
1783.98183
1783.987737
1784.114066
1784.200262
1784.20028
1784.289216
1784.28943
1784.314573
1784.314906
1784.325474
1784.325677
1784.326091
1784.326219
1784.327456
1784.327727
1784.329153
1784.331542
1784.334798
1784.334944
1784.335342
1784.335472
1784.335794
1784.335955
1784.336354
1784.336479
1784.336991
1784.337119
1784.338502
1784.338775
1784.410529
1784.410759
1784.443108
1784.443309
1784.443524
1784.44368
1784.443825
1784.443949
1784.444192
1784.444327
1784.44452
1784.444642
1784.444868
1784.444996
1784.445204
1784.445329
1784.445473
1784.445599
1784.445756
1784.445887
1784.446281
1784.446409
1784.498067
1784.503313
1784.504195
1784.504308
1784.800324
1784.800514
1785.004277
1785.018455
1785.023876
1785.036811
1785.050974
1785.051105
1785.051207
1785.057879
1785.058005
1785.067703
1785.081866
1785.299405
1785.299613
1785.611609
1785.642781
1785.845669
1785.845872
1786.048783
1786.297805
1786.351236
1786.485234
1786.53922
1786.64115
1786.797141
1786.812748
1786.906449
1787.125131
1787.171714
1787.327718
1787.327886
1787.328046
1787.328175
1787.32833
1787.328466
1787.328624
1787.328749
1787.343208
1787.343331
1787.34351
1787.343637
1787.343791
1787.343917
1787.344067
1787.344185
1787.344341
1787.344468
1787.344621
1787.344765
1787.436919
1787.452495
1787.452658
1787.452815
1787.452953
1787.453139
1787.45327
1787.453427
1787.45355
1787.453725
1787.453846
1787.454011
1787.45413
1787.454283
1787.454407
1787.454561
1787.454687
1787.454842
1787.454967
1787.455121
1787.455247
1787.545992
1787.572164
1787.577049
1787.577162
1787.584029
1787.584074
1787.584286
1787.584562
1787.586091
1787.591152
1787.59248
1787.686699
1787.701959
1787.795456
1787.800787
1787.801713
1787.805259
1787.80797
1787.889299
1788.013842
1788.018533
1788.019161
1788.023143
1788.024411
1788.232253
1788.236985
1788.253857
1788.257853
1788.290166
1788.450866
1788.451071
1788.497448
1788.50214
1788.502599
1788.508149
1788.52769
1788.653956
1788.716063
1788.747022
1788.751381
1788.751837
1788.755359
1788.755404
1788.756336
1788.758034
1788.760984
1788.763859
1788.965436
1788.981009
1788.988173
1789.00469
1789.009602
1789.039813
1789.246202
1789.249356
1789.250206
1789.253062
1789.260104
1789.293027
1789.417964
1789.464611
1789.464616
1789.471154
1789.471732
1789.47588
1789.477955
1789.477987
1789.802115
1790.135694
1790.182329
1790.338575
1790.338768
1790.338938
1790.339063
1790.339221
1790.339346
1790.33951
1790.339635
1790.354017
1790.354147
1790.354335
1790.354467
1790.354608
1790.354751
1790.354907
1790.355034
1790.355185
1790.355311
1790.35546
1790.355588
1790.463279
1790.463441
1790.463603
1790.463737
1790.463885
1790.464003
1790.46416
1790.464284
1790.464436
1790.46456
1790.464711
1790.464838
1790.46499
1790.465112
1790.465264
1790.465389
1790.465542
1790.465667
1790.46582
1790.465945
1790.556884
1790.728309
1790.948245
1791.132661
1791.711156
1792.475468
1794.129389
1794.537128
1794.737688
1795.892139
1797.140068
1797.831387
1799.589163
1802.74064
1811.775649
1811.776111
1811.776275
1811.779822
1811.780179
1811.89776
1813.864348
1816.811546
1816.811608
1816.812135
1818.746024
2066.552518
2066.78632
2066.786516
2066.786607
2066.786712
2067.285716
2067.414696
2067.566522
2067.690453
2067.690479
2067.693727
2067.708108
2067.724483
2067.800294
2067.816903
2067.817242
2067.871053
2067.871566
2067.92529
2067.925581
2067.925736
2067.926
2068.097033
2068.128059
2068.221755
2068.221919
2068.286334
2068.299578
2068.299706
2068.346771
2068.346967
2068.347124
2068.347247
2068.367393
2068.367411
2068.370881
2068.372129
2068.372245
2068.372336
2068.455968
2068.612469
2068.612668
2068.798682
2068.849535
2068.92371
2068.923943
2069.049305
2069.049501
2069.176048
2069.491874
2069.579187
2069.799948
2069.800173
2069.83294
2069.833273
2069.835944
2069.845303
2069.845502
2069.848167
2069.849106
2069.849415
2069.849977
2069.85092
2069.851048
2069.851373
2069.851497
2069.854415
2069.854565
2069.855629
2069.855764
2069.856799
2069.856933
2069.857191
2069.857363
2069.857624
2069.857764
2069.924809
2069.925056
2069.9252
2069.925331
2069.925721
2069.925861
2069.926136
2069.926267
2069.926546
2069.926677
2069.926927
2069.92706
2069.927311
2069.92745
2069.927904
2069.928034
2069.928381
2069.928641
2069.929323
2069.929453
2069.937768
2069.937951
2069.964794
2069.969701
2069.969905
2069.970258
2070.041843
2070.296401
2070.296607
2070.520354
2070.534649
2070.541298
2070.563834
2070.578113
2070.579046
2070.579162
2070.588501
2070.589036
2070.598303
2070.612541
2070.795523
2070.795689
2071.139069
2071.170078
2071.52889
2071.529248
2071.732022
2071.793911
2071.86329
2071.930269
2072.037401
2072.059219
2072.071651
2072.076685
2072.08303
2072.083078
2072.085665
2072.090563
2072.090851
2072.110189
2072.113476
2072.273144
2072.29318
2072.324332
2072.34057
2072.341551
2072.353412
2072.356097
2072.371242
2072.496054
2072.558356
2072.568383
2072.56903
2072.575775
2072.577156
2072.636508
2072.776753
2072.779128
2072.795741
2072.798807
2072.839559
2072.854995
2072.855147
2072.855315
2072.855458
2072.855633
2072.85578
2072.855943
2072.856076
2072.856234
2072.856359
2072.856521
2072.856644
2072.856801
2072.856929
2072.857084
2072.857208
2072.85736
2072.857484
2072.857642
2072.857775
2072.89739
2072.901724
2072.932964
2072.933117
2072.93327
2072.933394
2072.933547
2072.933671
2072.933821
2072.933944
2072.934094
2072.934217
2072.934367
2072.934484
2072.93464
2072.93477
2072.934918
2072.935034
2072.935193
2072.935318
2072.935473
2072.935598
2073.010966
2073.119937
2073.122968
2073.123417
2073.126313
2073.151347
2073.152751
2073.160346
2073.174946
2073.177485
2073.182473
2073.260375
2073.369539
2073.37688
2073.377327
2073.387133
2073.387188
2073.388005
2073.39727
2073.397417
2073.399916
2073.572333
2073.588171
2073.603524
2073.610911
2073.627123
2073.642701
2073.672383
2073.884353
2073.891795
2073.892511
2073.89936
2073.903391
2074.102742
2074.102897
2074.117997
2074.118999
2074.125659
2074.12693
2074.126964
2074.134136
2074.134301
2074.165223
2074.337143
2074.519836
2074.789173
2074.84474
2074.844757
2075.10127
2075.850166
2075.865545
2075.865711
2075.865944
2075.866151
2075.866289
2075.866504
2075.866622
2075.866783
2075.866911
2075.867065
2075.867188
2075.867341
2075.867446
2075.867612
2075.867737
2075.867892
2075.868018
2075.868173
2075.868297
2075.868453
2075.868579
2075.943758
2075.94391
2075.94408
2075.94421
2075.944351
2075.944541
2075.944688
2075.944805
2075.94497
2075.945098
2075.94525
2075.945373
2075.945522
2075.945647
2075.945796
2075.945912
2075.946067
2075.946184
2075.946339
2075.946478
2076.0217
2076.177641
2076.283679
2076.631964
2076.831749
2077.394476
2078.158776
2079.829258
2080.265041
2081.590974
2082.839033
2083.16749
2083.167964
2083.168126
2083.172789
2083.179524
2083.185675
2085.054246
2085.176652
2088.203319
2088.203387
2088.203578
2088.267701
2648.594002
2648.792133
2648.79234
2648.792431
2648.79253
2649.291367
2649.461612
2649.603589
2649.763397
2649.763419
2649.766668
2649.778839
2649.790525
2649.792994
2649.80688
2649.807653
2649.833424
2649.833993
2649.884431
2649.884709
2649.915628
2649.915855
2650.056185
2650.087077
2650.143057
2650.181327
2650.181534
2650.289833
2650.290019
2650.30559
2650.305785
2650.305935
2650.306059
2650.464628
2650.564232
2650.564253
2650.566094
2650.570802
2650.570955
2650.787772
2650.788916
2650.976386
2650.976593
2651.007646
2651.007844
2651.112509
2651.575797
2651.601103
2651.601288
2651.605838
2651.607099
2651.616035
2651.7903
2651.790525
2651.821894
2651.822425
2651.829573
2651.829783
2651.830608
2651.830749
2651.846299
2651.846491
2651.846814
2651.846948
2651.847166
2651.84729
2651.847594
2651.847715
2651.847966
2651.848094
2651.84842
2651.848544
2651.848956
2651.84908
2651.84935
2651.849474
2651.850135
2651.910866
2651.91107
2651.911203
2651.911331
2651.911531
2651.911662
2651.911818
2651.911943
2651.91238
2651.912506
2651.912659
2651.912785
2651.91298
2651.913104
2651.913249
2651.913384
2651.913525
2651.913654
2651.913806
2651.913931
2651.927917
2651.928119
2651.949791
2651.954514
2651.954708
2651.95506
2652.218403
2652.286614
2652.286836
2652.663812
2652.677984
2652.681258
2652.707202
2652.721352
2652.722065
2652.722182
2652.7318
2652.73248
2652.742032
2652.756152
2652.785724
2652.785906
2653.097954
2653.129043
2653.58158
2653.581774
2653.784714
2653.799719
2653.853633
2654.080744
2654.17533
2654.267959
2654.299
2654.377109
2654.548651
2654.626663
2654.755736
2654.760809
2654.765505
2654.765551
2654.765773
2654.76604
2654.768201
2654.773416
2654.777578
2654.831193
2654.831404
2654.83156
2654.831681
2654.845174
2654.845305
2654.845444
2654.845568
2654.845707
2654.845836
2654.846021
2654.846145
2654.846306
2654.846432
2654.846587
2654.846716
2654.846877
2654.847003
2654.847154
2654.84728
2654.860862
2654.907674
2654.907822
2654.907974
2654.908098
2654.90825
2654.908376
2654.923172
2654.923314
2654.923473
2654.923599
2654.923777
2654.923894
2654.924052
2654.924176
2654.924326
2654.924444
2654.924601
2654.924725
2654.924876
2654.925002
2654.938646
2654.985361
2655.068171
2655.069177
2655.073838
2655.081096
2655.094874
2655.126062
2655.174246
2655.182256
2655.188375
2655.203935
2655.281764
2655.28755
2655.288185
2655.292215
2655.293694
2655.31296
2655.500134
2655.506898
2655.523592
2655.529234
2655.567935
2655.625471
2655.780963
2655.785723
2655.786214
2655.789409
2655.80654
2656.014944
2656.023455
2656.023917
2656.037996
2656.038043
2656.038949
2656.043137
2656.045881
2656.047111
2656.187619
2656.187841
2656.218127
2656.23335
2656.248914
2656.253937
2656.253954
2656.256881
2656.274038
2656.278398
2656.313115
2656.389963
2656.514147
2656.520299
2656.521074
2656.526696
2656.527179
2656.529129
2656.732573
2656.732735
2656.741462
2656.742353
2656.748
2656.750472
2656.750507
2656.794961
2656.853462
2656.853482
2657.153904
2657.84053
2657.840722
2657.840865
2657.840985
2657.855894
2657.856038
2657.856216
2657.856349
2657.856501
2657.856627
2657.856783
2657.856907
2657.857081
2657.857205
2657.857361
2657.857487
2657.85764
2657.857764
2657.857918
2657.858044
2657.871471
2657.918166
2657.918346
2657.918478
2657.918629
2657.918753
2657.918917
2657.919052
2657.934079
2657.934219
2657.934358
2657.934481
2657.934628
2657.934769
2657.934922
2657.935049
2657.935201
2657.935326
2657.935479
2657.935603
2657.935755
2657.935871
2658.105481
2658.230239
2658.684138
2658.777883
2658.868674
2659.447066
2660.211397
2661.865212
2662.239495
2663.628307
2664.875945
2666.78
2667.138017
2670.242415
2676.500171
2679.633826
2679.913632
2679.92332
2679.923813
2679.923981
2679.92606
2679.928166
2682.821705
2684.953917
2684.953978
2684.962839
2686.247992
2868.660489
2868.66472
2868.664737
2868.800288
2868.800465
2868.800555
2868.800657
2869.018507
2869.27929
2869.27933
2869.281278
2869.300558
2869.426314
2869.601846
2869.675472
2869.799702
2869.818701
2869.820355
2869.852227
2869.852978
2869.909396
2869.909688
2869.931125
2869.931386
2870.070803
2870.081114
2870.113922
2870.205865
2870.206089
2870.287273
2870.29896
2870.299129
2870.330513
2870.330691
2870.330837
2870.330966
2870.595578
2870.59579
2870.798111
2871.032288
2871.032534
2871.033791
2871.034
2871.687582
2871.722906
2871.761497
2871.764098
2871.765634
2871.805527
2871.805779
2871.836789
2871.836956
2871.856495
2871.856755
2871.857005
2871.857134
2871.857781
2871.858006
2871.85826
2871.858436
2871.858758
2871.859033
2871.859729
2871.859926
2871.861878
2871.862352
2871.862697
2871.862824
2871.86327
2871.863398
2871.863622
2871.863746
2871.890611
2871.925519
2871.925706
2871.92586
2871.92598
2871.926128
2871.92625
2871.926419
2871.926552
2871.926733
2871.926875
2871.927032
2871.927167
2871.927325
2871.927448
2871.9276
2871.927719
2871.927866
2871.927987
2871.928154
2871.928267
2871.937044
2871.937224
2871.963598
2871.968359
2871.968559
2871.968908
2872.057966
2872.059641
2872.097445
2872.111596
2872.11357
2872.135755
2872.14954
2872.149872
2872.14999
2872.154903
2872.170045
2872.170132
2872.180136
2872.295803
2872.295957
2872.321532
2872.321891
2872.322319
2872.336387
2872.336872
2872.350335
2872.353115
2872.353932
2872.367738
2872.390044
2872.40867
2872.794922
2872.795094
2873.102138
2873.122701
2873.153766
2873.428439
2873.428472
2873.433165
2873.434477
2873.434643
2873.440408
2873.444072
2873.45836
2873.460327
2873.494562
2873.508809
2873.51004
2873.51016
2873.528145
2873.528369
2873.528616
2873.542703
2873.637673
2873.637929
2873.793327
2873.841965
2873.861894
2874.058705
2874.152112
2874.230232
2874.292585
2874.448974
2874.604667
2874.713902
2874.854582
2874.854788
2874.854945
2874.855073
2874.85524
2874.855382
2874.855539
2874.855664
2874.869893
2874.870026
2874.870196
2874.870341
2874.870496
2874.870623
2874.870772
2874.87089
2874.87105
2874.871177
2874.87133
2874.871457
2874.901119
2874.932486
2874.932624
2874.932763
2874.932882
2874.933018
2874.933137
2874.933273
2874.933393
2874.933528
2874.933656
2874.934061
2874.934189
2874.934413
2874.934537
2874.934698
2874.934825
2874.93498
2874.935106
2874.93526
2874.935389
2874.96346
2875.072927
2875.152037
2875.228754
2875.22929
2875.234373
2875.243514
2875.243558
2875.244293
2875.244593
2875.246291
2875.25183
2875.254869
2875.36899
2875.462518
2875.46958
2875.47057
2875.480818
2875.482916
2875.680937
2875.689138
2875.689799
2875.696654
2875.697013
2875.699023
2875.899329
2875.906145
2875.923415
2875.930531
2875.963488
2876.164648
2876.166629
2876.168254
2876.170184
2876.17021
2876.183264
2876.191393
2876.191679
2876.205419
2876.208821
2876.225036
2876.232252
2876.242674
2876.242851
2876.243039
2876.414128
2876.416199
2876.417133
2876.41912
2876.419157
2876.420098
2876.420917
2876.422218
2876.429634
2876.445777
2876.61694
2876.632547
2876.63947
2876.656992
2876.665207
2876.695179
2876.788581
2876.897756
2876.905698
2876.90649
2876.917407
2876.918088
2877.11616
2877.131733
2877.139703
2877.140292
2877.147544
2877.148896
2877.148928
2877.209928
2877.560694
2877.865177
2877.865379
2877.865521
2877.865644
2877.865808
2877.865941
2877.866097
2877.866221
2877.880914
2877.881081
2877.881228
2877.881343
2877.881495
2877.881621
2877.881772
2877.881897
2877.882084
2877.882208
2877.882359
2877.882484
2877.911898
2877.943192
2877.943354
2877.943509
2877.943636
2877.943774
2877.943897
2877.944079
2877.944203
2877.94436
2877.944483
2877.944633
2877.944748
2877.944905
2877.945028
2877.94518
2877.945305
2877.945458
2877.945583
2877.945737
2877.945862
2877.974151
2878.083458
2878.255198
2878.740119
2878.909053
2879.503135
2880.267368
2881.905977
2882.264304
2883.699633
2884.43077
2884.43126
2884.431415
2884.433363
2884.435393
2884.445276
2884.916428
2885.576984
2887.11614
2889.462152
2889.46222
2889.463099
2889.489471
2890.423339
2899.471344
2899.798594
2899.798785
2899.798879
2899.798988
2900.297804
2900.319649
2900.45933
2900.45935
2900.485188
2900.796978
2900.813732
2900.814039
2900.839249
2900.839762
2900.890852
2900.891086
2900.968825
2900.969027
2901.103386
2901.103406
2901.105251
2901.106637
2901.106771
2901.110882
2901.113005
2901.187802
2901.187983
2901.296269
2901.296451
2901.312208
2901.312401
2901.312548
2901.312669
2901.438661
2901.438869
2901.439011
2901.439129
2901.453523
2901.453753
2901.453899
2901.454023
2901.454159
2901.454282
2901.454414
2901.45454
2901.454674
2901.454799
2901.454932
2901.455064
2901.4552
2901.455322
2901.45546
2901.455581
2901.577474
2901.577694
2901.600168
2901.795364
2901.81201
2902.014079
2902.014304
2902.139511
2902.497642
2902.760689
2902.761844
2902.762001
2902.766345
2902.768059
2902.781811
2902.802524
2902.802791
2902.828702
2902.831598
2902.831704
2902.831978
2902.841022
2902.884566
2902.88485
2902.885197
2902.885425
2902.885788
2902.885917
2902.88635
2902.886478
2902.886884
2902.887047
2902.887248
2902.88741
2902.890427
2902.890609
2902.891783
2902.891924
2902.892324
2902.892491
2902.893162
2902.893291
2902.951924
2902.952125
2902.952269
2902.952398
2902.952539
2902.952659
2902.952796
2902.952918
2902.953042
2902.953163
2902.953324
2902.953444
2902.953829
2902.954026
2902.954179
2902.954297
2902.954595
2902.954724
2902.954898
2902.955029
2902.989166
2902.994064
2902.994261
2902.99461
2903.162694
2903.176912
2903.182999
2903.198664
2903.212849
2903.213309
2903.213426
2903.222986
2903.22326
2903.233961
2903.247851
2903.293032
2903.293205
2903.573943
2903.574141
2903.777409
2903.78335
2903.792169
2903.792321
2903.797413
2903.80963
2903.82158
2903.835881
2903.836224
2903.836345
2903.842767
2903.856701
2903.856852
2904.083319
2904.179261
2904.503591
2904.503619
2904.510601
2904.526602
2904.528748
2904.536766
2904.538291
2904.541063
2904.551898
2904.580292
2904.588053
2904.790572
2904.822053
2904.822462
2904.853237
2904.860948
2905.055973
2905.289835
2905.305425
2905.367959
2905.617481
2905.81864
2905.882697
2905.882855
2905.883014
2905.883167
2905.883339
2905.883498
2905.883627
2905.883794
2905.883897
2905.884058
2905.884183
2905.89863
2905.89877
2905.898909
2905.899037
2905.899181
2905.899301
2905.899443
2905.899574
2905.89974
2905.899864
2905.960834
2905.960977
2905.961132
2905.961256
2905.961408
2905.961531
2905.961669
2905.961791
2905.961925
2905.962046
2905.962229
2905.962355
2905.962507
2905.962631
2905.962789
2905.962915
2905.963067
2905.963193
2905.963347
2905.963472
2905.989432
2906.069926
2906.071824
2906.163593
2906.179376
2906.236924
2906.506894
2906.834337
2907.19317
2907.598685
2907.785832
2907.863989
2907.895227
2908.472329
2908.472547
2908.675498
2908.815577
2908.893793
2908.894003
2908.894161
2908.894289
2908.894447
2908.894572
2908.894727
2908.894853
2908.895007
2908.89513
2908.90911
2908.909281
2908.909417
2908.909556
2908.909708
2908.909835
2908.909987
2908.910111
2908.910261
2908.910385
2908.971592
2908.97172
2908.971894
2908.97202
2908.97217
2908.97229
2908.972437
2908.972562
2908.972719
2908.972844
2908.972994
2908.973118
2908.973269
2908.973393
2908.973548
2908.973673
2908.973826
2908.97395
2908.974104
2908.974229
2909.080828
2909.205606
2909.439526
2910.203828
2910.970082
2911.732716
2911.826996
2912.49704
2913.214782
2914.509642
2914.851563
2963.884687
2964.29006
2964.290263
2964.290355
2964.290458
2964.521176
2964.78932
2964.898725
2965.083177
2965.268867
2965.268902
2965.269066
2965.273111
2965.282806
2965.288457
2965.296641
2965.298206
2965.300926
2965.308799
2965.316861
2965.317809
2965.352575
2965.353021
2965.399188
2965.39955
2965.430122
2965.430324
2965.570557
2965.602236
2965.695334
2965.695555
2965.738626
2965.788787
2965.788987
2965.820126
2965.820336
2965.820505
2965.820631
2965.896666
2965.896689
2965.899918
2965.90126
2965.901391
2965.993383
2966.059526
2966.086257
2966.086524
2966.256846
2966.257059
2966.287849
2966.381414
2966.523398
2966.523597
2966.690227
2966.702203
2966.913339
2967.011365
2967.011392
2967.012561
2967.012572
2967.018641
2967.147116
2967.290208
2967.290407
2967.317902
2967.318352
2967.341623
2967.341889
2967.342154
2967.342352
2967.342577
2967.342712
2967.342926
2967.343057
2967.343334
2967.343464
2967.345129
2967.345284
2967.346179
2967.346367
2967.346665
2967.346798
2967.34701
2967.347143
2967.347354
2967.347485
2967.42676
2967.426946
2967.427096
2967.427218
2967.427357
2967.427477
2967.427637
2967.427769
2967.427926
2967.428075
2967.428235
2967.428357
2967.428567
2967.429031
2967.429195
2967.42921
2967.429384
2967.429508
2967.429828
2967.429951
2967.430207
2967.430335
2967.464999
2967.469776
2967.469967
2967.470312
2967.787571
2967.787796
2968.053021
2968.067304
2968.073919
2968.088654
2968.102871
2968.103281
2968.103397
2968.117065
2968.117322
2968.128627
2968.142791
2968.286695
2968.286915
2968.615554
2968.646632
2968.865151
2968.865351
2969.068309
2969.28609
2969.356469
2969.677687
2969.747186
2969.78637
2969.786399
2969.798346
2969.804673
2969.810668
2969.810734
2969.813378
2969.817769
2969.818131
2969.822134
2969.826292
2969.83324
2969.895601
2970.035895
2970.044992
2970.045862
2970.053616
2970.054598
2970.113639
2970.161043
2970.192033
2970.254331
2970.261782
2970.262413
2970.2736
2970.274892
2970.348064
2970.348235
2970.348382
2970.348515
2970.34867
2970.348797
2970.348952
2970.349078
2970.349232
2970.349357
2970.349516
2970.349641
2970.349793
2970.349917
2970.35007
2970.350195
2970.350349
2970.350475
2970.35063
2970.350755
2970.426237
2970.426449
2970.426605
2970.42673
2970.426882
2970.427005
2970.427156
2970.42728
2970.427429
2970.427557
2970.427706
2970.42783
2970.441627
2970.441771
2970.441919
2970.442044
2970.442196
2970.442322
2970.442476
2970.4426
2970.457197
2970.472713
2970.588758
2970.597516
2970.605833
2970.613334
2970.644538
2970.661769
2970.691199
2970.800421
2970.862739
2970.869814
2970.870261
2970.880411
2970.897916
2970.925816
2971.112312
2971.119717
2971.120185
2971.126987
2971.127032
2971.127971
2971.129715
2971.132676
2971.134935
2971.33072
2971.34629
2971.353069
2971.370042
2971.380178
2971.407479
2971.471274
2971.471497
2971.627109
2971.634698
2971.635476
2971.644524
2971.647556
2971.674605
2971.84552
2971.861106
2971.867796
2971.868712
2971.873828
2971.876792
2971.880303
2971.880334
2972.297922
2972.438482
2973.171866
2973.202723
2973.358975
2973.35916
2973.35935
2973.359476
2973.359626
2973.359748
2973.359911
2973.360044
2973.360208
2973.360338
2973.360491
2973.360615
2973.36077
2973.360895
2973.361048
2973.361172
2973.361326
2973.361448
2973.3616
2973.361722
2973.437073
2973.437265
2973.437433
2973.437555
2973.437709
2973.437835
2973.437987
2973.438109
2973.438246
2973.43837
2973.438524
2973.438647
2973.452535
2973.452674
2973.452835
2973.453053
2973.453208
2973.453323
2973.453473
2973.453598
2973.811204
2973.968727
2973.982888
2974.130419
2974.164425
2974.731546
2975.496057
2976.949678
2976.950165
2976.950335
2976.952809
2976.954385
2976.958035
2977.165458
2977.426724
2977.428009
2977.428174
2977.435762
2977.449826
2977.456609
2977.471531
2977.485242
2977.485599
2977.485718
2977.49465
2977.508916
2977.509049
2977.519625
2977.659009
2977.659354
2977.659594
2977.674161
2977.674321
2977.684444
2977.686978
2977.687873
2977.701875
2977.741606
2977.749939
2977.871353
2977.87207
2977.885818
2977.95065
2977.950816
2977.951161
2977.961
2977.961258
2977.992022
2978.928157
2979.163208
2979.175436
2979.578661
2979.578823
2979.726564
2980.176104
2980.755505
2982.121457
2982.121525
2982.14567
2982.843819
2985.168014
2985.168223
2985.371171
2986.088534
2986.135241
2986.899584
2987.690311
3007.288753
3007.288931
3007.289021
3007.289121
3007.304785
3007.788004
3007.87805
3008.287145
3008.306253
3008.306648
3008.322518
3008.371915
3008.372514
3008.412124
3008.412342
3008.427971
3008.427988
3008.428229
3008.428456
3008.431506
3008.45795
3008.462544
3008.474631
3008.599337
3008.630418
3008.72476
3008.724979
3008.78646
3008.786633
3008.849318
3008.849548
3008.849714
3008.849836
3008.955987
3009.114753
3009.115032
3009.141916
3009.141936
3009.143734
3009.281857
3009.285534
3009.551305
3009.551618
3009.600476
3009.675893
3009.676108
3009.94368
3010.152792
3010.152808
3010.156868
3010.158206
3010.158312
3010.162641
3010.165103
3010.316877
3010.317112
3010.331484
3010.336964
3010.337251
3010.367465
3010.367677
3010.367886
3010.368008
3010.36831
3010.368437
3010.368707
3010.368836
3010.369465
3010.369592
3010.370564
3010.370738
3010.371553
3010.371811
3010.372076
3010.372198
3010.372536
3010.372659
3010.372894
3010.373018
3010.430611
3010.430803
3010.430961
3010.43108
3010.431218
3010.431341
3010.431479
3010.4316
3010.431739
3010.431859
3010.432012
3010.432131
3010.432272
3010.432395
3010.432536
3010.432666
3010.43303
3010.433178
3010.433395
3010.43352
3010.440099
3010.440263
3010.46853
3010.47356
3010.473762
3010.474125
3010.564991
3010.798842
3010.79903
3011.160848
3011.201887
3011.216128
3011.22563
3011.2404
3011.254688
3011.255153
3011.255292
3011.265334
3011.26544
3011.2735
3011.287752
3011.297957
3011.298109
3011.641384
3011.672657
3012.279825
3012.279843
3012.280929
3012.281108
3012.296349
3012.365418
3012.484239
3012.592859
3012.795628
3012.951734
3013.216895
3013.248011
3013.37315
3013.373347
3013.373503
3013.373609
3013.373742
3013.373868
3013.374
3013.374187
3013.374322
3013.374444
3013.374597
3013.374806
3013.374963
3013.375087
3013.375241
3013.37537
3013.375525
3013.375647
3013.375801
3013.375927
3013.435414
3013.435629
3013.435824
3013.435946
3013.436099
3013.436221
3013.436374
3013.436494
3013.436644
3013.436764
3013.436914
3013.437032
3013.437183
3013.437303
3013.437449
3013.43757
3013.437718
3013.437853
3013.438007
3013.43815
3013.48241
3013.575861
3013.607264
3013.653952
3013.841018
3014.009116
3014.012496
3014.290487
3014.340189
3014.545421
3014.803439
3014.814511
3014.818249
3014.81829
3014.823914
3014.824339
3014.824493
3014.828624
3014.830658
3014.855318
3014.886182
3014.886365
3015.041984
3015.047021
3015.047957
3015.05241
3015.055151
3015.089222
3015.260385
3015.265395
3015.265982
3015.270517
3015.271934
3015.291602
3015.478809
3015.481977
3015.49861
3015.520977
3015.559794
3015.775183
3015.780171
3015.780627
3015.785296
3015.785324
3015.789796
3015.807678
3015.835012
3015.853321
3016.009189
3016.015026
3016.015541
3016.01844
3016.018491
3016.019334
3016.020993
3016.023862
3016.028179
3016.211995
3016.243185
3016.248682
3016.265997
3016.270907
3016.304984
3016.38389
3016.384094
3016.384263
3016.384386
3016.384542
3016.384667
3016.384823
3016.384947
3016.385099
3016.385223
3016.385377
3016.385501
3016.385655
3016.385842
3016.385993
3016.386114
3016.386252
3016.386372
3016.38651
3016.386637
3016.446274
3016.446464
3016.446664
3016.446805
3016.446949
3016.447074
3016.447234
3016.447361
3016.447515
3016.447638
3016.44779
3016.44793
3016.44809
3016.448214
3016.448368
3016.448493
3016.448645
3016.448768
3016.44892
3016.449044
3016.508384
3016.601043
3016.603289
3016.604068
3016.608536
3016.611589
3016.617604
3016.617684
3016.804787
3016.820367
3016.824607
3016.825185
3016.830293
3016.830473
3016.830508
3016.867428
3017.384319
3017.86553
3018.146505
3018.910875
3019.598101
3020.876519
3021.871941
3022.345467
3022.608204
3025.650228
3028.879335
3029.881766
3037.822723
3037.823207
3037.823372
3037.826847
3037.827106
3037.839125
3038.348869
3041.581429
3042.889439
3042.889506
3042.890405
3044.885005
3261.960718
3262.287803
3262.287988
3262.28808
3262.288183
3262.753597
3262.787059
3262.974469
3263.121584
3263.121607
3263.13562
3263.135634
3263.142915
3263.156634
3263.286208
3263.314532
3263.314902
3263.356033
3263.356543
3263.411468
3263.411706
3263.41206
3263.412274
3263.582899
3263.614244
3263.70799
3263.708226
3263.785541
3263.785723
3263.836155
3263.83638
3263.836537
3263.836657
3263.86815
3264.054392
3264.054415
3264.056795
3264.060877
3264.061021
3264.065972
3264.067032
3264.12065
3264.120867
3264.190545
3264.300202
3264.34716
3264.347418
3264.515012
3264.534758
3264.534973
3264.986914
3265.092143
3265.252065
3265.305991
3265.306196
3265.336176
3265.336572
3265.352046
3265.352273
3265.353662
3265.353807
3265.354198
3265.354334
3265.354835
3265.354962
3265.355258
3265.355647
3265.356492
3265.356634
3265.35799
3265.35812
3265.358467
3265.358662
3265.359299
3265.359429
3265.359661
3265.359855
3265.401851
3265.428052
3265.439401
3265.439622
3265.440095
3265.440237
3265.44042
3265.440558
3265.440702
3265.440825
3265.440982
3265.441114
3265.441324
3265.441449
3265.44163
3265.441774
3265.441925
3265.442054
3265.442244
3265.442367
3265.442519
3265.442639
3265.443065
3265.443192
3265.467271
3265.478192
3265.569064
3265.569306
3265.569647
3265.797936
3265.798104
3266.111835
3266.126077
3266.12885
3266.147637
3266.161777
3266.162558
3266.162658
3266.169465
3266.169723
3266.197469
3266.211594
3266.296997
3266.297148
3266.624883
3266.655927
3266.952377
3266.952597
3267.155564
3267.295403
3267.364678
3267.576355
3267.702536
3267.748843
3267.794747
3267.869907
3267.875069
3267.879081
3267.879125
3267.881677
3267.888434
3267.890572
3267.897112
3267.898688
3267.919551
3267.966276
3268.106616
3268.11144
3268.112383
3268.118324
3268.119363
3268.215933
3268.262894
3268.325044
3268.348436
3268.349141
3268.35383
3268.35647
3268.356493
3268.356661
3268.356811
3268.356962
3268.35713
3268.357251
3268.357402
3268.357527
3268.357683
3268.357809
3268.357961
3268.358086
3268.358242
3268.358368
3268.35852
3268.358642
3268.358796
3268.35892
3268.359094
3268.359216
3268.450085
3268.450241
3268.450392
3268.45052
3268.450674
3268.4508
3268.450943
3268.451071
3268.451219
3268.451342
3268.451497
3268.451623
3268.451777
3268.4519
3268.45205
3268.452174
3268.452325
3268.452451
3268.452602
3268.452725
3268.481177
3268.559031
3268.582429
3268.599523
3268.599849
3268.604679
3268.642191
3268.683866
3268.731632
3268.747322
3268.855447
3268.860988
3268.861406
3268.867601
3268.880511
3268.996133
3269.089421
3269.094429
3269.094843
3269.09988
3269.099923
3269.100753
3269.103401
3269.105742
3269.109235
3269.292352
3269.323418
3269.325462
3269.342606
3269.347949
3269.378735
3269.557665
3269.557867
3269.584735
3269.589414
3269.590129
3269.594359
3269.59439
3269.597311
3269.601101
3269.744917
3269.760764
3269.791472
3269.807017
3269.811177
3269.812013
3269.81596
3269.817377
3269.81741
3270.290642
3270.524796
3271.273608
3271.289048
3271.367275
3271.367469
3271.367622
3271.367743
3271.367935
3271.368066
3271.36822
3271.368345
3271.368497
3271.368622
3271.368776
3271.368902
3271.369056
3271.369182
3271.369334
3271.369456
3271.369607
3271.369729
3271.369882
3271.370006
3271.460787
3271.460936
3271.461122
3271.461249
3271.4614
3271.461523
3271.461673
3271.461791
3271.461937
3271.462058
3271.462209
3271.462334
3271.462485
3271.462608
3271.462757
3271.462875
3271.463031
3271.463154
3271.463302
3271.463423
3271.601307
3271.757174
3272.055131
3272.269833
3272.817959
3273.582266
3273.881356
3273.94214
3274.799018
3275.267236
3275.766364
3275.797432
3276.998927
3277.123918
3278.278081
3280.633638
3281.153607
3281.21403
3281.787871
3282.786247
3283.831624
3284.393569
3284.411176
3284.735369
3285.381981
3286.002314
3286.028793
3286.361908
3287.014881
3288.046758
3288.046785
3289.043373
3289.572092
3290.851637
3292.730184
3292.730213
3292.73547
3292.736873
3292.737009
3292.792837
3292.807023
3292.809211
3292.825301
3292.839497
3292.840439
3292.840556
3292.846634
3292.846765
3292.856915
3292.871054
3292.892475
3293.00463
3294.96013
3294.961338
3294.961499
3294.967532
3294.967978
3294.982068
3294.988453
3295.002916
3295.016762
3295.017404
3295.017523
3295.027043
3295.04113
3295.041255
3295.062946
3295.206187
3295.206788
3295.207023
3295.22194
3295.222095
3295.230673
3295.233555
3295.234387
3295.248249
3295.270928
3295.279368
3296.822327
3297.294275
3297.313784
3297.918629
3298.2303
3298.83871
3299.837701
3300.039878
3302.457889
3302.785533
3303.799465
3304.797877
3307.278342
3307.699735
3307.793087
3308.791496
3320.33566
3320.787903
3320.788137
3320.788229
3320.788333
3321.245406
3321.287185
3321.349791
3321.421747
3321.42177
3321.425539
3321.426392
3321.461543
3321.464343
3321.475876
3321.786376
3321.810548
3321.811036
3321.83546
3321.835681
3321.880292
3321.880544
3322.046608
3322.046627
3322.051196
3322.052001
3322.053057
3322.082904
3322.137062
3322.176542
3322.176736
3322.192875
3322.285617
3322.285818
3322.301325
3322.301469
3322.301658
3322.301784
3322.566762
3322.566964
3322.706932
3322.70718
3322.800281
3322.906999
3323.003379
3323.00359
3323.245043
3323.245065
3323.24682
3323.362233
3323.814302
3323.814731
3323.838741
3323.839026
3323.842891
3323.846098
3323.846293
3323.84701
3323.847733
3323.847872
3323.848083
3323.848205
3323.848519
3323.848708
3323.849155
3323.849277
3323.849537
3323.849672
3323.849948
3323.850227
3323.850542
3323.850669
3323.851736
3323.851873
3323.955003
3323.95523
3323.9648
3323.964984
3323.96513
3323.965257
3323.965643
3323.965768
3323.96592
3323.966043
3323.966523
3323.966648
3323.966798
3323.96692
3323.967086
3323.967213
3323.967377
3323.967499
3323.967652
3323.967774
3323.96792
3323.968041
3324.002032
3324.007033
3324.00758
3324.007757
3324.263547
3324.277841
3324.284149
3324.298017
3324.298177
3324.303422
3324.317386
3324.318627
3324.318722
3324.327866
3324.328042
3324.337699
3324.351886
3324.625683
3324.797104
3324.797295
3325.093683
3325.124727
3325.312117
3325.312332
3325.515128
3325.795514
3325.863471
3326.076474
3326.279275
3326.29477
3326.372895
3326.622403
3326.841109
3326.841301
3326.856486
3326.856629
3326.85682
3326.856952
3326.857107
3326.857232
3326.857388
3326.857514
3326.857668
3326.85779
3326.857945
3326.858071
3326.858224
3326.858348
3326.858503
3326.858628
3326.858783
3326.858907
3326.887724
3326.965868
3326.966064
3326.966216
3326.966336
3326.966472
3326.96659
3326.966725
3326.966841
3326.966984
3326.967103
3326.96724
3326.967357
3326.967493
3326.967612
3326.967749
3326.967869
3326.968006
3326.968126
3326.96826
3326.968379
3327.043613
3327.106069
3327.184168
3327.215306
3327.371339
3327.466405
3327.636878
3327.73994
3327.746102
3327.75295
3327.752996
3327.753239
3327.753517
3327.757764
3327.760398
3327.763359
3327.917252
3327.917472
3327.979518
3327.988925
3327.989837
3327.997073
3327.999356
3328.12052
3328.19799
3328.204924
3328.205702
3328.212857
3328.214101
3328.229214
3328.416332
3328.424075
3328.440765
3328.448564
3328.481245
3328.633181
3328.697147
3328.704856
3328.70533
3328.712163
3328.728774
3328.79077
3328.884479
3328.946732
3328.953643
3328.954096
3328.961047
3328.961079
3328.961915
3328.964442
3328.969238
3328.971523
3329.149517
3329.180727
3329.189922
3329.20747
3329.216621
3329.244017
3329.445928
3329.452796
3329.453589
3329.471851
3329.474587
3329.648885
3329.649031
3329.679933
3329.688809
3329.6894
3329.696922
3329.698155
3329.698187
3329.851828
3329.852047
3329.867471
3329.867608
3329.867773
3329.867896
3329.868056
3329.868186
3329.868342
3329.868467
3329.868622
3329.868746
3329.868903
3329.869028
3329.869183
3329.869307
3329.869461
3329.869586
3329.869746
3329.869873
3329.976731
3329.976907
3329.977054
3329.977173
3329.977309
3329.977408
3329.977542
3329.977658
3329.977795
3329.977913
3329.978049
3329.978166
3329.978301
3329.978421
3329.978555
3329.978675
3329.97881
3329.978933
3329.979067
3329.979185
3330.163637
3330.272879
3330.414897
3330.786789
3331.177649
3331.630417
3331.941996
3334.282353
3334.66112
3334.79541
3335.374344
3337.681861
3337.721074
3337.721549
3337.721691
3337.729663
3337.729794
3339.196099
3340.678374
3341.139706
3341.140882
3341.141012
3341.149339
3341.166136
3341.172854
3341.187753
3341.201532
3341.201853
3341.20195
3341.212207
3341.22609
3341.226193
3341.23565
3341.388388
3341.388682
3341.389074
3341.403608
3341.403778
3341.412567
3341.415472
3341.416307
3341.430121
3341.445512
3341.452805
3342.284871
3342.750489
3342.750565
3342.751205
3342.828707
3343.688967
3346.781453
3419.959873
3420.286866
3420.287067
3420.287157
3420.287262
3420.78616
3420.823481
3420.973558
3421.285333
3421.311163
3421.311394
3421.32983
3421.330438
3421.379307
3421.379634
3421.425824
3421.425978
3421.551177
3421.558596
3421.558614
3421.562399
3421.57751
3421.585439
3421.585798
3421.588766
3421.59775
3421.675571
3421.675784
3421.713399
3421.800201
3421.800347
3421.800407
3421.800479
3421.800675
3421.800867
3422.065902
3422.066114
3422.209942
3422.299255
3422.34624
3422.346499
3422.364776
3422.364792
3422.366593
3422.367985
3422.368123
3422.373165
3422.375969
3422.502382
3422.502572
3422.530627
3422.985929
3423.2201
3423.302523
3423.314635
3423.314838
3423.332313
3423.332761
3423.343566
3423.343775
3423.344227
3423.344352
3423.345317
3423.345449
3423.348121
3423.348272
3423.349494
3423.349621
3423.349879
3423.350005
3423.350523
3423.350649
3423.351125
3423.351384
3423.352977
3423.353151
3423.353408
3423.35354
3423.422721
3423.422932
3423.423126
3423.423343
3423.423669
3423.423798
3423.424025
3423.424148
3423.424288
3423.424467
3423.424611
3423.424734
3423.425091
3423.425227
3423.425488
3423.425706
3423.425846
3423.425969
3423.426382
3423.426581
3423.438327
3423.4385
3423.461595
3423.46626
3423.466454
3423.46681
3423.796981
3423.797162
3424.2961
3424.296283
3424.59301
3424.62404
3424.951459
3424.951678
3425.154603
3425.294483
3425.362939
3425.429493
3425.793762
3425.918696
3425.965396
3426.215019
3426.230708
3426.339861
3426.340078
3426.355545
3426.355691
3426.35585
3426.355996
3426.356148
3426.356272
3426.356423
3426.356548
3426.356704
3426.35683
3426.356986
3426.357111
3426.357264
3426.357389
3426.357549
3426.357673
3426.35783
3426.357957
3426.433445
3426.433831
3426.434028
3426.43417
3426.434287
3426.434422
3426.434533
3426.434661
3426.434778
3426.434913
3426.435093
3426.435231
3426.43535
3426.435484
3426.435623
3426.435779
3426.435901
3426.436039
3426.436157
3426.436293
3426.436411
3426.542711
3426.636439
3426.682961
3426.792348
3426.88525
3426.995268
3427.556833
3427.557046
3427.760036
3427.806343
3428.289753
3428.523839
3491.142749
3491.298195
3491.298414
3491.298507
3491.29861
3491.797484
3492.156429
3492.2966
3492.311243
3492.311596
3492.31474
3492.314752
3492.320316
3492.335837
3492.336195
3492.339966
3492.390608
3492.390889
3492.421663
3492.421839
3492.561915
3492.593115
3492.687865
3492.688068
3492.688988
3492.795902
3492.796082
3492.811762
3492.81195
3492.812102
3492.81222
3493.022697
3493.07691
3493.077134
3493.08705
3493.087068
3493.089796
3493.29501
3493.344722
3493.513623
3493.513831
3493.513947
3493.514131
3494.125806
3494.16888
3494.300603
3494.300857
3494.305255
3494.30543
3494.328401
3494.328815
3494.336716
3494.336922
3494.33838
3494.338615
3494.353963
3494.354147
3494.354569
3494.354808
3494.355658
3494.356238
3494.35648
3494.356619
3494.356977
3494.357101
3494.357335
3494.357525
3494.357885
3494.358044
3494.404278
3494.434275
3494.434503
3494.444735
3494.444943
3494.445166
3494.445288
3494.445455
3494.445687
3494.445879
3494.446047
3494.446311
3494.446433
3494.446583
3494.446705
3494.446869
3494.446998
3494.447151
3494.447273
3494.447422
3494.447543
3494.447689
3494.447811
3494.483815
3494.488551
3494.488742
3494.489089
3494.535626
3494.792694
3494.792854
3495.291817
3495.292032
3495.604019
3495.635684
3496.1188
3496.119007
3496.290221
3496.322279
3496.36018
3496.446407
3496.566605
3496.602769
3496.619094
3496.623385
3496.639845
3496.639939
3496.643014
3496.649282
3496.649635
3496.656894
3496.664294
3496.789508
3496.867445
3496.867669
3496.874138
3496.875057
3496.882663
3496.885464
3497.085835
3497.085963
3497.088966
3497.089558
3497.093936
3497.099615
3497.13291
3497.136698
3497.145838
3497.147116
3497.147255
3497.167964
3497.18214
3497.192287
3497.197305
3497.211547
3497.21165
3497.21206
3497.219143
3497.219266
3497.228946
3497.243065
3497.304253
3497.304834
3497.304997
3497.312869
3497.330848
3497.334695
3497.335645
3497.335805
3497.335953
3497.336074
3497.351237
3497.351384
3497.351581
3497.351712
3497.366767
3497.366959
3497.367142
3497.367272
3497.367426
3497.367555
3497.367708
3497.367838
3497.367991
3497.368123
3497.376175
3497.41356
3497.429125
3497.444832
3497.444979
3497.445154
3497.445274
3497.445426
3497.44555
3497.445702
3497.445824
3497.445974
3497.446097
3497.446249
3497.446372
3497.446523
3497.446651
3497.446804
3497.446931
3497.447084
3497.447209
3497.447362
3497.447487
3497.538395
3497.585018
3497.592331
3497.592768
3497.595762
3497.61185
3497.663483
3497.678713
3497.718708
3497.725435
3497.741136
3497.819037
3497.82615
3497.826664
3497.829829
3497.829865
3497.830687
3497.832714
3497.834995
3497.846749
3497.850274
3498.037442
3498.037599
3498.03972
3498.056342
3498.061855
3498.132769
3498.178032
3498.349465
3498.354342
3498.35515
3498.359778
3498.367832
3498.567815
3498.56796
3498.573075
3498.573964
3498.575941
3498.579328
3498.579358
3498.723919
3498.72405
3498.724214
3498.742145
3498.927038
3499.08948
3499.285495
3499.419791
3499.419816
3499.691178
3500.315425
3500.31562
3500.346532
3500.346747
3500.346938
3500.347062
3500.362021
3500.362154
3500.362339
3500.362467
3500.377866
3500.377998
3500.378132
3500.378254
3500.378384
3500.378505
3500.378637
3500.378757
3500.378894
3500.379015
3500.424356
3500.455458
3500.455584
3500.455733
3500.455872
3500.455992
3500.456128
3500.456262
3500.456398
3500.456517
3500.456651
3500.456769
3500.456902
3500.45702
3500.457155
3500.457272
3500.457406
3500.457525
3500.457661
3500.457781
3500.457916
3500.458042
3500.54922
3500.829914
3501.175333
3501.221415
3501.421658
3501.984396
3502.748693
3504.418033
3504.839974
3506.181368
3507.4291
3509.629519
3512.842933
3522.187484
3523.409424
3523.409924
3523.41009
3523.426715
3523.426827
3523.428741
3525.188548
3528.482145
3528.482207
3528.482367
3528.848637
3529.116155
3545.619191
3545.653542
3545.654004
3545.654216
3545.654233
3545.698023
3545.704249
3545.79009
3545.790271
3545.790374
3545.790478
3545.806978
3546.129808
3546.289352
3546.306851
3546.306873
3546.309152
3546.561477
3546.633628
3546.650427
3546.788499
3546.818083
3546.819361
3546.843181
3546.843536
3546.897979
3546.898246
3546.916027
3546.916043
3546.929238
3547.025285
3547.069415
3547.100562
3547.105837
3547.194459
3547.194649
3547.205684
3547.287809
3547.287958
3547.313416
3547.319691
3547.319858
3547.320007
3547.320128
3547.58446
3547.584938
3547.786923
3547.955444
3547.956739
3547.956903
3547.970578
3547.989948
3547.990109
3548.021209
3548.021414
3548.645174
3548.795923
3548.796089
3548.812901
3548.813196
3548.828335
3548.828545
3548.828731
3548.828854
3548.830109
3548.830279
3548.830679
3548.830809
3548.831109
3548.831235
3548.831536
3548.831668
3548.832018
3548.832661
3548.833338
3548.833467
3548.8342
3548.834332
3548.834553
3548.834677
3548.879555
3548.910089
3548.910451
3548.910644
3548.918048
3548.918227
3548.918397
3548.918523
3548.918684
3548.918806
3548.918957
3548.919075
3548.919226
3548.919346
3548.919543
3548.919663
3548.919864
3548.919992
3548.920144
3548.920304
3548.920444
3548.920577
3548.920782
3548.920904
3548.949613
3548.954773
3549.042564
3549.042805
3549.04314
3549.300189
3549.300434
3549.475725
3549.489872
3549.494318
3549.515587
3549.529366
3549.529708
3549.529799
3549.545153
3549.558883
3549.559324
3549.566505
3549.799303
3549.799506
3550.020803
3550.020825
3550.031297
3550.031471
3550.031846
3550.033554
3550.046549
3550.046674
3550.058388
3550.061222
3550.065502
3550.079245
3550.106848
3550.106984
3550.107071
3550.111564
3550.113712
3550.11383
3550.142775
3550.274953
3550.356585
3550.394569
3550.394728
3550.400982
3550.401187
3550.415419
3550.417541
3550.428122
3550.440572
3550.442263
3550.443066
3550.443188
3550.445261
3550.447818
3550.454324
3550.461317
3550.468486
3550.475086
3550.493199
3550.493359
3550.493679
3550.50241
3550.504738
3550.516345
3550.516479
3550.51688
3550.51864
3550.518769
3550.521891
3550.522131
3550.527546
3550.535851
3550.535969
3550.536127
3550.536212
3550.536294
3550.536642
3550.544692
3550.54489
3550.545043
3550.558586
3550.558727
3550.558881
3550.55897
3550.559053
3550.559198
3550.559282
3550.559568
3550.55969
3550.559808
3550.560227
3550.565725
3550.571877
3550.572114
3550.572846
3550.573073
3550.573249
3550.585849
3550.585984
3550.586324
3550.586418
3550.594298
3550.594455
3550.595056
3550.595261
3550.797703
3550.79854
3550.852826
3551.016244
3551.095228
3551.296978
3551.361694
3551.423001
3551.562275
3551.604591
3551.604615
3551.628533
3551.687021
3551.827793
3551.827983
3551.828142
3551.828261
3551.828394
3551.828521
3551.828654
3551.828777
3551.828918
3551.829061
3551.829222
3551.829354
3551.843095
3551.843228
3551.843414
3551.843544
3551.843697
3551.843821
3551.843952
3551.844076
3551.921543
3551.921738
3551.921883
3551.922003
3551.922138
3551.922255
3551.922391
3551.922508
3551.922641
3551.922757
3551.922892
3551.923009
3551.923145
3551.923264
3551.923413
3551.923552
3551.923717
3551.923839
3551.924009
3551.924133
3551.952284
3552.061581
3552.217452
3552.217833
3552.326559
3552.654386
3552.897639
3552.904426
3552.910799
3552.910846
3552.911093
3552.91138
3552.91802
3552.918272
3552.918751
3553.044263
3553.137812
3553.142646
3553.143584
3553.149659
3553.150755
3553.200304
3553.200472
3553.278228
3553.356126
3553.364817
3553.365407
3553.370696
3553.379155
3553.403784
3553.590123
3553.593796
3553.610675
3553.615442
3553.652992
3553.792935
3553.855341
3553.859509
3553.859932
3553.866257
3553.866292
3553.870868
3553.88655
3554.041488
3554.089314
3554.09804
3554.098542
3554.101872
3554.101921
3554.102777
3554.104625
3554.107697
3554.113474
3554.167472
3554.307735
3554.307877
3554.312989
3554.329603
3554.334664
3554.365522
3554.572932
3554.588553
3554.591532
3554.603558
3554.606676
3554.791378
3554.806911
3554.810189
3554.810791
3554.814958
3554.816437
3554.816468
3554.838711
3554.838883
3554.839025
3554.839146
3554.839284
3554.839403
3554.839535
3554.839666
3554.83983
3554.839963
3554.840119
3554.840244
3554.853966
3554.854108
3554.85425
3554.85437
3554.854524
3554.85465
3554.854801
3554.854925
3554.931758
3554.932423
3554.932569
3554.932748
3554.932873
3554.933026
3554.933148
3554.933282
3554.933402
3554.933584
3554.93371
3554.93386
3554.933986
3554.934139
3554.934261
3554.934412
3554.934527
3554.934684
3554.934806
3554.93496
3554.935084
3555.07238
3555.290748
3555.698289
3556.460652
3557.048177
3557.225007
3558.978734
3559.299902
3559.520629
3560.049226
3560.657173
3564.15165
3567.30269
3576.662901
3579.035163
3579.03563
3579.035796
3579.039207
3579.039505
3579.049664
3583.034773
3583.204521
3583.205767
3583.218395
3583.219468
3583.234555
3583.245232
3583.308493
3584.086202
3584.086283
3584.086548
3589.956164
4020.558926
4020.797869
4020.798035
4020.798126
4020.798228
4021.297129
4021.449625
4021.562474
4021.796273
4021.815934
4021.81645
4021.863911
4021.864313
4021.906046
4021.906306
4021.921264
4021.921508
4021.962259
4021.962282
4021.967744
4021.970522
4021.983261
4021.991077
4021.993694
4021.999412
4022.078329
4022.109367
4022.20329
4022.203469
4022.296579
4022.296751
4022.328034
4022.328221
4022.328412
4022.328538
4022.470031
4022.599142
4022.59939
4022.668156
4022.668179
4022.669959
4022.685204
4022.765604
4022.790489
4022.795667
4022.920648
4022.920868
4023.031199
4023.03139
4023.114516
4023.43921
4023.481818
4023.576973
4023.789042
4023.789065
4023.793375
4023.797938
4023.798102
4023.806629
4023.806645
4023.816103
4023.833683
4023.833839
4023.842929
4023.843147
4023.843859
4023.843991
4023.844231
4023.844358
4023.844613
4023.84474
4023.84517
4023.845296
4023.845791
4023.845917
4023.847107
4023.847243
4023.847487
4023.84761
4023.847839
4023.847963
4023.848196
4023.848319
4023.918908
4023.919102
4023.919259
4023.919382
4023.919521
4023.919642
4023.919828
4023.920106
4023.920459
4023.920584
4023.920795
4023.920932
4023.921323
4023.921457
4023.921843
4023.922017
4023.922524
4023.922689
4023.922948
4023.923073
4023.935702
4023.935885
4023.958651
4023.963388
4023.963579
4023.964228
4024.294361
4024.294597
4024.793521
4024.793718
4024.809305
4024.823558
4024.828358
4024.854513
4024.86872
4024.870098
4024.870216
4024.876894
4024.877084
4024.892295
4024.906412
4025.121313
4025.152482
4025.527052
4025.527261
4025.729972
4025.791886
4025.858784
4026.026243
4026.155138
4026.182175
4026.192426
4026.198111
4026.203588
4026.203635
4026.203854
4026.204129
4026.207276
4026.209743
4026.220372
4026.291163
4026.431525
4026.431771
4026.434727
4026.435638
4026.438488
4026.441132
4026.494042
4026.649922
4026.658178
4026.658821
4026.665168
4026.666388
4026.696846
4026.821686
4026.853088
4026.853307
4026.853453
4026.853571
4026.853703
4026.853822
4026.853958
4026.854079
4026.854218
4026.854339
4026.854473
4026.854592
4026.854727
4026.854846
4026.85498
4026.855101
4026.855236
4026.855355
4026.855489
4026.855608
4026.858015
4026.868309
4026.915309
4026.915462
4026.915632
4026.915761
4026.915914
4026.91604
4026.930947
4026.931077
4026.931221
4026.931349
4026.931487
4026.931646
4026.931804
4026.931925
4026.932075
4026.932197
4026.932347
4026.932467
4026.932616
4026.932744
4026.962223
4026.995318
4027.011999
4027.071428
4027.100269
4027.133854
4027.134039
4027.211686
4027.258337
4027.336317
4027.343524
4027.343977
4027.351209
4027.368177
4027.570311
4027.572598
4027.573045
4027.575039
4027.575076
4027.57592
4027.577414
4027.579871
4027.582057
4027.586264
4027.77312
4027.788707
4027.796135
4027.812535
4027.819625
4027.847612
4028.069497
4028.083028
4028.084622
4028.09082
4028.094222
4028.132186
4028.132399
4028.225789
4028.287933
4028.288165
4028.299151
4028.300076
4028.306123
4028.307954
4028.307991
4028.335559
4028.787135
4029.09926
