7.742368
8.293257
4.666737
4.139091
10.021553
8.542647
2.172256
2.860041
3.40132
10.009466
7.283476
4.97519
4.286398
4.934256
4.98835
9.0536
4.850739
4.412126
9.821344
4.187855
5.121406
4.773324
4.514608
9.74015200001
9.585322
4.548352
4.64670200001
9.612873
9.708124
4.439868
4.118047
9.546867
9.774823
2.639854
8.220218
9.862571
3.95983699999
4.911865
2.688765
2.482548
10.015143
3.69087200001
3.271288
9.309066
3.95277
6.046759
5.14946099999
9.229679
3.014342
4.97121900001
2.928317
2.808062
3.041685
4.590729
2.463544
5.347272
4.19877
4.80913199999
4.337984
4.211308
2.551338
3.587124
6.062906
2.838978
10.029154
5.573729
4.863631
3.902979
10.027384
2.024712
3.651842
2.037022
8.669276
3.177744
6.859284
5.836528
8.530389
10.034799
2.87167399999
2.183148
6.098435
10.032296
2.096947
6.076245
4.629086
3.298388
10.043125
2.238949
3.879382
2.325841
3.942837
3.35924
10.028663
2.387688
6.611925
7.76567099999
2.628584
7.398802
2.208465
4.002982
7.204407
10.027747
2.40401
5.083182
5.613758
10.042657
2.738618
8.415315
10.007829
6.04459100001
4.373772
3.660314
10.048911
2.89029700001
3.189536
2.972997
8.105362
2.068249
3.006855
6.233825
7.777803
2.99627
4.975081
2.999049
2.069176
7.96769300001
5.074168
3.78881
2.92200100001
6.521701
4.625795
3.235998
10.051089
2.774351
3.195256
3.278263
7.749443
2.464336
7.580936
2.687646
6.288349
7.666501
10.044678
2.593293
3.438079
7.546022
6.489723
3.552792
2.47015299999
5.974401
4.576672
2.843848
2.01442399999
6.908198
2.369414
5.772369
5.85017100001
2.142418
8.127589
2.260524
5.622907
7.220825
2.246471
10.049345
2.130774
5.33914
7.090272
2.396632
10.044228
2.16404
5.301425
4.503059
2.458011
2.496073
10.025904
2.456797
2.195646
2.866608
6.882274
2.58571
10.359737
2.751181
5.23252
4.952907
3.02549099999
10.038778
3.041705
5.065533
6.433456
3.145852
2.84611
2.000001
4.000238
3.32807
2.66283
2.226935
6.330789
3.244342
3.731112
5.393797
3.626946
4.677366
6.260233
3.344476
5.604411
4.447995
3.356211
4.537614
6.118639
3.476915
10.049579
4.187827
4.378699
4.757681
3.583286
10.041941
4.453783
4.210853
5.896533
3.719661
9.46081300001
4.747455
4.027026
5.809638
3.81863
4.945739
5.081257
5.047256
3.861728
5.690805
3.93431
10.048136
3.737644
3.690033
5.57945
4.045208
10.025448
5.632762
3.492562
4.58217
4.165747
10.045365
5.921424
3.346851
5.354948
4.182254
10.008866
6.21686
3.136105
5.281134
4.393231
4.761115
5.236288
6.505663
2.940369
5.191163
4.495113
10.043639
4.134575
2.648406
2.795726
5.044122
2.959435
10.008265
7.081893
2.621069
4.90152699999
4.596826
7.967063
4.000247
2.66045
2.455893
2.877307
4.444265
8.826596
7.528521
2.271327
4.738099
4.855648
4.579095
5.101386
2.885728
4.966127
9.56922
4.226046
3.71444800001
4.504872
5.034271
9.494048
3.085323
4.780138
4.754384
4.619421
9.890638
8.146511
4.83195
4.331175
9.811587
3.16297
5.276322
4.743965
4.851701
4.964523
4.732535
8.753128
4.655951
4.952607
9.642511
4.312861
4.74017
3.80575699999
5.846822
8.757891
8.456632
3.698557
5.157284
8.653366
8.664187
3.642495
4.20961200001
8.634759
8.922788
3.62732499999
5.955047
4.727034
3.873905
9.169717
3.567742
6.023267
8.550643
2.611248
6.734019
3.502456
6.119727
8.470128
2.62173799999
2.000082
3.98065
3.39529499999
2.621551
2.459702
8.360074
3.511618
6.281553
3.330259
4.567244
8.298433
5.368838
4.622998
3.222783
6.377029
4.649929
3.527306
10.028426
2.98964
6.474142
8.091706
3.0068
7.017735
2.710775
2.891041
8.003796
10.048022
2.383691
5.222397
7.85191300001
10.042613
2.073533
4.928482
7.697264
10.024738
6.91755799999
4.982711
2.601532
10.045577
7.057764
7.44073
2.104569
8.67792099999
7.20563
7.289318
2.244904
4.58328
5.408669
7.284946
7.18958000001
2.287425
10.047883
2.307937
5.067289
7.078086
2.731505
10.022147
7.790144
6.659329
2.826156
4.937878
5.070347
7.897418
6.546451
2.920224
7.467977
2.391592
5.275923
3.072979
4.260539
3.662468
8.123815
4.546617
3.191333
8.348675
7.921106
3.147771
3.115743
3.278217
9.121761
7.421214
6.142456
2.005247
2.995771
5.273469
7.60793
2.96241399999
3.082478
3.280355
10.008351
7.41100499999
5.94569399999
3.613739
4.514896
5.484808
7.190045
2.886252
2.981186
3.720328
10.049742
5.206975
5.467436
3.868918
10.044424
2.10661800001
6.846068
4.61847299999
4.314018
10.046907
2.38909
7.001833
5.145091
4.040553
10.047418
6.493417
5.018614
4.560682
4.941612
5.020439
3.312528
6.289663
4.940318
4.603828
9.931107
3.590154
5.189451
4.870161
4.686064
9.85519900001
3.866105
5.905785
4.66614199999
4.798143
4.903685
3.151055
3.01924
4.689812
2.08667300001
9.693464
3.07708800001
5.825084
4.293852
5.287932
4.593334
4.666406
4.410427
5.326011
4.209361
5.399881
9.192166
3.919502
5.437579
4.103952
5.524841
9.075213
4.779642
5.269613
4.007347
5.293993
8.968526
4.950119
5.071889
3.903335
4.315573
8.862459
5.133054
4.91617700001
3.758334
5.883527
4.889331
3.812042
5.287291
4.762607
3.62101
6.017473
8.583498
3.19671700001
2.246097
4.579907
3.92198
5.506094
8.891421
5.619006
4.398562
3.8308
5.490617
7.280424
5.837658
4.181989
3.759347
2.329958
3.275053
8.712853
6.021348
4.013376
3.652029
5.793007
4.724614
3.855252
6.17723299999
3.869692
3.502646
5.923994
8.47259100001
3.04726799999
3.333795
3.650249
3.414025
6.008517
8.381843
6.565522
3.257001
5.163094
2.005381
6.265152
6.75010100001
2.077407
3.202429
4.914921
8.172493
2.752188
2.380275
3.092218
6.362891
4.514788
3.51365
7.110237
2.912712
2.974503
6.454316
7.957889
2.845981
4.495884
2.682408
2.876357
6.568245
7.855124
7.42954899999
2.464258
2.370857
5.357281
7.737241
7.71653000001
2.317
2.665073
2.126376
4.600614
7.636553
7.917852
2.118454
2.561167
6.897887
4.847781
2.662614
8.293801
2.428494
7.048977
7.39021100001
2.083289
2.127614
6.294076
2.312318
7.188372
