5.4962 0
5.496283 2697
5.49641 4045
5.496486 5393
5.496562 6741
5.496654 8089
5.498971 9437
5.499046 10785
5.499103 12133
5.499154 13481
5.540982 14829
5.542015 16177
5.547215 17525
5.549947 18873
5.552898 20221
5.553409 21569
5.555437 22917
5.558976 24265
5.560942 25613
5.563824 26961
5.566399 28309
5.590241 29657
5.590515 31005
5.595912 32353
5.597863 33701
5.602267 35049
5.603943 36397
5.604053 37745
5.605912 39093
5.607465 40441
5.610767 41789
5.616428 43137
5.61896 44485
5.651426 45833
5.653989 47181
5.659698 48529
5.66272 49877
5.66324 51225
5.663739 52573
5.665265 53921
5.667824 55269
5.670147 56617
5.672658 57965
5.673943 59313
5.67406 60661
5.674152 62009
5.69992 63357
5.703987 64705
5.706993 66053
5.71084 67401
5.712183 68749
5.717553 70097
5.718039 71445
5.718291 72793
5.719718 74141
5.746132 75489
5.746176 76837
5.74697 78185
5.772814 79533
5.772909 80881
5.772994 82229
5.77497 83577
5.775065 84925
5.796691 86273
5.796786 87621
5.796846 88969
5.796893 90317
5.799017 91665
5.799093 93013
5.81571 94361
5.817475 95709
5.819274 97057
5.846164 98405
5.846957 99753
5.865739 101101
5.865835 102449
5.865914 103797
5.865972 105145
5.866019 106493
5.866065 107841
5.866112 109189
5.867009 110537
5.867086 111885
5.86718 113233
5.867259 114581
5.901573 115929
5.902962 117277
5.936421 118625
5.936497 119973
5.936592 121321
5.936652 122669
5.936699 124017
5.936746 125365
5.936792 126713
5.93902 128061
5.939112 129409
5.939192 130757
5.939283 132105
5.939363 133453
5.962264 134801
5.962364 136149
5.962968 137497
5.997324 138845
5.997561 140193
6.004274 141541
6.00435 142889
6.005412 144237
6.005507 145585
6.005568 146933
6.005615 148281
6.005662 149629
6.005709 150977
6.006977 152325
6.007055 153673
6.009846 155021
6.010955 156369
6.04656 157717
6.094457 159065
6.094535 160413
6.094606 161761
6.094702 163109
6.094762 164457
6.09481 165805
6.094857 167153
6.094904 168501
6.094994 169849
6.09505 171197
6.095097 172545
6.095142 173893
6.095192 175241
6.095236 176589
6.140129 177937
6.142975 179285
6.146037 180633
6.146335 181981
6.146409 183329
6.1465 184677
6.146953 186025
6.154177 187373
6.154253 188721
6.154324 190069
6.154419 191417
6.154499 192765
6.154987 194113
6.15508 195461
6.155159 196809
6.187787 198157
6.190368 199505
6.192222 200853
6.192533 202201
6.196349 203549
6.196428 204897
6.196532 206245
6.19878 207593
6.200635 208941
6.202953 210289
6.216277 211637
6.216419 212985
6.218626 214333
6.2187 215681
6.218981 217029
6.219034 218377
6.237253 219725
6.237489 221073
6.23758 222421
6.251328 223769
6.252128 225117
6.254205 226465
6.254953 227813
6.257725 229161
6.258938 230509
6.261342 231857
6.262949 233205
6.266285 234553
6.266949 235901
6.270101 237249
6.270956 238597
6.283971 239945
6.286497 241293
6.288847 242641
6.288941 243989
6.290954 245337
6.300848 246685
6.302389 248033
6.304185 249381
6.304437 250729
6.305184 252077
6.306249 253425
6.306324 254773
6.306381 256121
6.311075 257469
6.312179 258817
6.316192 260165
6.318956 261513
6.329759 262861
6.330957 264209
6.333089 265557
6.334961 266905
6.341443 268253
6.341518 269601
6.342944 270949
6.347979 272297
6.350966 273645
6.352688 274993
6.354953 276341
