7.02063 0
7.020708 2697
7.02078 4045
7.02088 5393
7.020958 6741
7.021033 8089
7.022971 9437
7.023047 10785
7.023103 12133
7.02315 13481
7.06773 14829
7.072363 16177
7.07495 17525
7.076185 18873
7.077209 20221
7.079815 21569
7.083871 22917
7.084923 24265
7.087972 25613
7.089307 26961
7.08936 28309
7.114079 29657
7.117686 31005
7.125324 32353
7.126086 33701
7.144992 35049
7.145069 36397
7.145145 37745
7.145238 39093
7.146979 40441
7.147052 41789
7.147144 43137
7.157602 44485
7.162241 45833
7.17168 47181
7.171935 48529
7.172014 49877
7.192793 51225
7.194067 52573
7.196129 53921
7.208677 55269
7.209415 56617
7.20993 57965
7.212 59313
7.220175 60661
7.221959 62009
7.230378 63357
7.236575 64705
7.238234 66053
7.239157 67401
