6.42417 0
6.424249 2697
6.424342 4045
6.424417 5393
6.424505 6741
6.424584 8089
6.42701 9437
6.427103 10785
6.427183 12133
6.427258 13481
6.470006 14829
6.472057 16177
6.49131 17525
6.492274 18873
6.492787 20221
6.498424 21569
6.498949 22917
6.499418 24265
6.500206 25613
6.5025 26961
6.502942 28309
6.521277 29657
6.521352 31005
6.533749 32353
6.538352 33701
6.540141 35049
6.541168 36397
6.561914 37745
6.562693 39093
6.56731 40441
6.569398 41789
6.569491 43137
6.570115 44485
6.570191 45833
6.572122 47181
6.57954 48529
6.58774 49877
6.603651 51225
6.605664 52573
6.62799 53921
6.630004 55269
6.632063 56617
6.633616 57965
6.63588 59313
6.637448 60661
6.638936 62009
6.648701 63357
6.648986 64705
6.649062 66053
6.649139 67401
