4.62378 0
4.623871 2697
4.623964 4045
4.624048 5393
4.624134 6741
4.624217 8089
4.627044 9437
4.627134 10785
4.627219 12133
4.627305 13481
4.68293 14829
4.684756 16177
4.686966 17525
4.705069 18873
4.705126 20221
4.705179 21569
4.706972 22917
4.707029 24265
4.713411 25613
4.714966 26961
4.741842 28309
4.742015 29657
4.744124 31005
4.745636 32353
4.779716 33701
4.779772 35049
4.784119 36397
4.784175 37745
4.786338 39093
4.786393 40441
4.786968 41789
4.801908 43137
4.803433 44485
4.806658 45833
4.807088 47181
4.810962 48529
4.838015 49877
4.839571 51225
4.841332 52573
4.843652 53921
4.846427 55269
4.848543 56617
4.849748 57965
4.858976 59313
4.859735 60661
4.881541 62009
4.882116 63357
4.882193 64705
4.882309 66053
4.882365 67401
4.886649 68749
4.888728 70097
4.921869 71445
4.921945 72793
4.922036 74141
4.922096 75489
4.922969 76837
4.923061 78185
4.963618 79533
4.963695 80881
4.963792 82229
4.963852 83577
4.9639 84925
4.971003 86273
4.971081 87621
4.971181 88969
5.012685 90317
5.012766 91665
5.012823 93013
5.014971 94361
5.015047 95709
5.052202 97057
5.052302 98405
5.052388 99753
5.052463 101101
5.052519 102449
5.053278 103797
5.053356 105145
5.053482 106493
5.107799 107841
5.107876 109189
5.107952 110537
5.108046 111885
5.111811 113233
5.111867 114581
5.111914 115929
5.141684 117277
5.14178 118625
5.14186 119973
5.141932 121321
5.142027 122669
5.142964 124017
5.143039 125365
5.20439 126713
5.204438 128061
5.204486 129409
5.204532 130757
5.204579 132105
5.207002 133453
5.207097 134801
5.207177 136149
5.232122 137497
5.23222 138845
5.232301 140193
5.232376 141541
5.237023 142889
5.237098 144237
5.31794 145585
5.318017 146933
5.318158 148281
5.318231 149629
5.318288 150977
5.318335 152325
5.318382 153673
5.318428 155021
5.318475 156369
5.318519 157717
5.320977 159065
5.321053 160413
5.321121 161761
5.321218 163109
