5.2025 0
5.202572 2697
5.20267 4045
5.202749 5393
5.202825 6741
5.202917 8089
5.204082 9437
5.204159 10785
5.204254 12133
5.204334 13481
5.262671 14829
5.26396 16177
5.265458 17525
5.267529 18873
5.27033 20221
5.273206 21569
5.273304 22917
5.274435 24265
5.276489 25613
5.27804 26961
5.278944 28309
5.313316 29657
5.323339 31005
5.326934 32353
5.425064 33701
5.425142 35049
5.425215 36397
5.425321 37745
5.425401 39093
5.425457 40441
5.426409 41789
5.426485 43137
5.426582 44485
5.436526 45833
5.438951 47181
5.522625 48529
5.522702 49877
5.522779 51225
5.522873 52573
5.526971 53921
5.527046 55269
5.630564 56617
5.631862 57965
5.63369 59313
5.633764 60661
5.63382 62009
5.634959 63357
5.677798 64705
5.677916 66053
5.678072 67401
5.678995 68749
5.679146 70097
5.71403 71445
5.745578 72793
5.745659 74141
5.745737 75489
5.745889 76837
5.745945 78185
5.745992 79533
5.746039 80881
5.746085 82229
5.78225 83577
5.782325 84925
5.782952 86273
5.847047 87621
5.932321 88969
5.932397 90317
5.933928 91665
5.934002 93013
5.934055 94361
5.934962 95709
5.981301 97057
5.981395 98405
5.981455 99753
5.982972 101101
5.983066 102449
6.027528 103797
6.037391 105145
6.037486 106493
6.037566 107841
6.038962 109189
6.039054 110537
6.045832 111885
6.045907 113233
6.045997 114581
6.046392 115929
6.046467 117277
6.074148 118625
6.117488 119973
6.118957 121321
6.184327 122669
6.184424 124017
6.186215 125365
6.192627 126713
6.192708 128061
6.194424 129409
6.232539 130757
6.232615 132105
6.232715 133453
6.234963 134801
6.235037 136149
6.275653 137497
6.37423 138845
6.553114 140193
6.553191 141541
6.553367 142889
6.553464 144237
6.553524 145585
6.554928 146933
6.555012 148281
6.555083 149629
6.555175 150977
6.555234 152325
6.657171 153673
6.773446 155021
7.150032 156369
7.150108 157717
7.152815 159065
7.15289 160413
7.15445 161761
7.154543 163109
7.154603 164457
7.154649 165805
7.15498 167153
7.155054 168501
7.257054 169849
7.25715 171197
7.25723 172545
7.257306 173893
7.257363 175241
7.258473 176589
7.258547 177937
7.258636 179285
7.258696 180633
7.31363 181981
7.313704 183329
7.314028 184677
7.35555 186025
7.416069 187373
7.868054 188721
7.868109 190069
7.870392 191417
7.870468 192765
7.870952 194113
7.871812 195461
7.871906 196809
7.872002 198157
7.872081 199505
7.872138 200853
7.985297 202201
8.122424 203549
8.766746 204897
8.766938 206245
8.773155 207593
8.773252 208941
8.773334 210289
8.774996 211637
8.775092 212985
8.775155 214333
8.775203 215681
8.776471 217029
8.776548 218377
8.940437 219725
9.088756 221073
9.398885 222421
9.39901 223769
9.401212 225117
9.401289 226465
9.402516 227813
9.402841 229161
9.402938 230509
9.403013 231857
9.403106 233205
9.403166 234553
9.526131 235901
9.681378 237249
10.006735 238597
10.006836 239945
10.006916 241293
10.007021 242641
10.007082 243989
10.007129 245337
10.007193 246685
10.007239 248033
10.007283 249381
10.007329 250729
10.134504 252077
10.273232 253425
10.402139 254773
10.402507 256121
10.404958 257469
10.405051 258817
10.406202 260165
10.406358 261513
10.406531 262861
10.406622 264209
10.406682 265557
10.406729 266905
10.736663 268253
10.815518 269601
10.901569 270949
10.902958 272297
10.904943 273645
10.905017 274993
10.906953 276341
10.921404 277689
10.921484 279037
10.92154 280385
10.921587 281733
10.921634 283081
11.014 284429
11.134358 285777
11.202157 287125
11.20297 288473
11.203046 289821
11.203117 291169
11.203174 292517
11.206893 293865
11.206986 295213
11.207064 296561
11.20712 297909
11.207167 299257
11.318449 300605
11.410799 301953
11.410874 303301
11.411024 304649
11.413225 305997
11.41328 307345
11.415012 308693
11.49877 310041
11.498847 311389
11.499002 312737
11.499059 314085
11.499105 315433
11.521809 316781
11.522359 318129
11.522478 319477
11.522528 320825
11.522668 322173
11.522759 323521
11.522851 324869
11.52294 326217
11.59728 327565
11.597375 328913
11.59896 330261
11.599043 331609
11.647675 332957
11.726051 334305
11.739133 335653
11.739224 337001
11.741224 338349
11.741298 339697
11.742045 341045
11.818149 342393
11.818223 343741
11.818317 345089
11.818376 346437
11.818961 347785
11.819054 349133
11.935047 350481
11.945193 351829
11.945272 353177
11.945367 354525
11.945446 355873
11.945521 357221
11.946159 358569
11.946231 359917
11.946306 361265
12.024698 362613
12.024775 363961
12.024995 365309
12.063214 366657
12.146535 368005
12.146609 369353
12.146955 370701
12.14785 372049
12.147968 373397
12.148022 374745
12.224734 376093
12.224831 377441
12.224891 378789
12.225965 380137
12.226056 381485
12.26903 382833
12.347154 384181
12.347234 385529
12.348018 386877
12.348112 388225
12.348193 389573
12.348269 390921
12.425903 392269
12.425977 393617
12.426047 394965
12.426981 396313
12.427056 397661
12.483985 399009
12.54619 400357
12.546285 401705
12.546366 403053
12.548633 404401
12.548726 405749
12.548786 407097
12.549501 408445
12.549592 409793
12.605872 411141
12.605947 412489
12.606971 413837
12.650464 415185
12.650538 416533
12.650949 417881
12.652097 419229
12.652172 420577
12.652273 421925
12.652332 423273
12.653939 424621
12.65403 425969
12.704639 427317
12.704733 428665
12.705917 430013
12.705992 431361
12.706085 432709
12.706413 434057
12.786506 435405
12.786563 436753
12.78661 438101
12.786657 439449
12.786704 440797
12.786751 442145
12.786967 443493
12.787042 444841
12.787134 446189
12.849317 447537
12.91292 448885
12.912995 450233
12.913089 451581
12.914956 452929
12.920165 454277
12.920244 455625
12.9203 456973
12.920446 458321
12.920522 459669
12.977122 461017
12.978331 462365
13.068797 463713
13.069148 465061
13.20886 466409
13.427161 467757
13.427487 469105
13.429224 470453
13.429325 471801
13.430821 473149
13.430925 474497
13.431021 475845
13.431101 477193
13.431157 478541
13.431204 479889
13.524487 481237
13.524578 482585
13.52699 483933
13.529601 485281
13.529696 486629
13.529756 487977
13.529804 489325
13.529851 490673
13.530975 492021
13.531072 493369
13.531155 494717
13.625904 496065
13.62598 497413
13.626076 498761
13.62632 500109
13.629044 501457
13.629139 502805
13.629219 504153
13.629276 505501
13.629323 506849
13.630598 508197
13.630691 509545
13.630771 510893
13.728844 512241
13.728943 513589
13.729024 514937
13.73009 516285
13.730183 517633
13.730242 518981
13.730289 520329
13.806485 521677
13.806559 523025
13.806653 524373
13.806713 525721
13.80676 527069
13.806806 528417
13.84446 529765
13.917364 531113
13.940201 532461
13.940257 533809
13.940305 535157
13.940397 536505
13.94045 537853
13.940497 539201
13.940549 540549
13.940596 541897
13.942896 543245
13.942982 544593
13.943035 545941
13.943082 547289
13.943129 548637
13.943174 549985
13.943219 551333
14.016693 552681
14.016771 554029
14.017743 555377
14.019729 556725
14.020298 558073
14.02251 559421
14.022858 560769
14.023862 562117
14.025678 563465
14.032403 564813
14.032464 566161
14.044738 567509
14.044814 568857
14.044909 570205
14.044989 571553
14.045147 572901
14.045241 574249
14.112679 575597
14.113043 576945
14.113881 578293
14.113928 579641
14.113974 580989
14.114019 582337
14.114064 583685
14.141215 585033
14.141292 586381
14.141388 587729
14.141467 589077
14.141968 590425
14.142023 591773
14.175133 593121
14.213935 594469
14.213993 595817
14.214962 597165
14.248562 598513
14.248656 599861
14.248736 601209
14.248812 602557
14.248954 603905
14.24903 605253
14.249107 606601
14.2492 607949
14.286635 609297
14.323454 610645
14.323945 611993
14.324049 613341
14.342342 614689
14.342418 616037
14.342513 617385
14.342592 618733
14.342667 620081
14.343022 621429
14.343097 622777
14.343173 624125
14.374805 625473
14.436012 626821
14.474742 628169
14.518699 629517
14.518753 630865
14.518818 632213
14.52094 633561
14.521017 634909
14.521108 636257
14.521179 637605
14.521997 638953
14.522053 640301
14.578549 641649
14.57861 642997
14.679091 644345
14.679689 645693
14.731449 647041
14.731658 648389
14.731757 649737
14.731931 651085
14.732038 652433
14.732267 653781
14.732375 655129
14.732422 656477
14.772877 657825
14.772951 659173
14.77481 660521
14.851519 661869
14.92538 663217
14.925472 664565
14.926098 665913
14.926438 667261
14.926533 668609
14.926615 669957
14.926672 671305
14.926965 672653
14.995517 674001
14.995592 675349
14.99598 676697
15.074078 678045
15.22417 679393
15.446712 680741
15.447111 682089
15.447271 683437
15.447482 684785
15.447557 686133
15.447662 687481
15.447723 688829
15.44777 690177
15.447816 691525
15.448638 692873
15.451087 694221
15.451164 695569
15.451243 696917
15.451336 698265
15.451414 699613
15.451469 700961
15.45269 702309
15.452767 703657
15.452843 705005
15.534612 706353
15.534687 707701
15.534763 709049
15.539029 710397
15.540842 711745
15.543348 713093
15.543425 714441
15.546955 715789
15.565045 717137
15.566967 718485
15.592001 719833
15.592078 721181
15.592157 722529
15.594958 723877
16.034753 706353
16.15291 725225
16.153175 726573
16.266664 727921
16.266947 729269
16.287148 730617
16.287635 731965
16.372312 733313
16.372642 734661
16.374438 736009
16.374516 737357
16.382773 738705
16.382825 740053
16.385478 741401
16.3858 742749
16.504946 744097
16.505016 745445
16.52533 746793
16.52545 748141
16.525541 749489
16.525615 750837
16.525669 752185
16.525718 753533
16.640325 754881
16.642959 756229
16.646719 757577
16.646795 758925
16.646941 760273
16.660621 761621
16.660832 762969
16.662919 764317
16.663002 765665
16.783387 767013
16.784211 768361
16.784285 769709
16.784343 771057
16.798794 772405
16.798871 773753
16.799039 775101
16.801063 776449
16.80296 777797
16.834967 779145
16.944696 780493
16.946015 781841
16.94609 783189
16.946161 784537
16.952179 785885
16.952274 787233
16.9528 788581
16.955306 789929
16.956681 791277
17.007279 792625
17.007781 793973
17.084618 795321
17.084825 796669
17.087171 798017
17.088624 799365
17.091012 800713
17.092665 802061
17.116418 803409
17.116494 804757
17.116582 806105
17.116642 807453
17.118279 808801
17.153661 810149
17.212311 811497
17.214991 812845
17.215144 814193
17.215191 815541
17.221681 816889
17.221956 818237
17.245806 819585
17.24595 820933
17.246241 822281
17.267532 823629
17.26764 824977
17.267721 826325
17.269138 827673
17.351078 829021
17.35113 830369
17.351178 831717
17.351225 833065
17.351271 834413
17.351316 835761
17.35136 837109
17.391561 838457
17.456475 839805
17.467037 841153
17.467137 842501
17.46722 843849
17.474961 845197
17.516407 846545
17.5165 847893
17.516671 849241
17.516727 850589
17.516775 851937
17.516822 853285
17.516868 854633
17.516912 855981
17.61325 857329
17.634302 858677
17.634471 860025
17.634716 861373
17.634818 862721
17.635111 864069
17.635158 865417
17.635202 866765
17.635249 868113
17.635293 869461
17.737189 870809
17.73727 872157
17.73738 873505
17.764246 874853
17.830095 876201
17.830275 877549
17.830838 878897
17.830896 880245
17.830943 881593
17.863239 882941
17.863336 884289
17.863416 885637
17.863557 886985
17.863676 888333
17.894761 889681
17.967572 891029
17.967678 892377
17.967758 893725
17.970942 895073
17.981218 896421
17.981295 897769
17.98139 899117
17.98147 900465
17.982072 901813
17.982164 903161
18.012102 904509
18.082718 905857
18.082775 907205
18.082822 908553
18.082937 909901
18.136817 911249
18.136892 912597
18.136985 913945
18.137064 915293
18.13712 916641
18.138452 917989
18.138548 919337
18.138627 920685
18.205068 922033
18.205146 923381
18.20605 924729
18.273795 926077
18.273874 927425
18.274046 928773
18.274117 930121
18.274193 931469
18.274286 932817
18.274345 934165
18.274392 935513
18.274439 936861
18.274486 938209
18.360228 939557
18.360272 940905
18.362962 942253
18.378703 943601
18.378795 944949
18.378883 946297
18.378986 947645
18.425241 948993
18.425316 950341
18.425413 951689
18.426653 953037
18.426708 954385
18.490788 955733
18.490863 957081
18.490998 958429
18.491075 959777
18.491168 961125
18.524755 962473
18.524812 963821
18.524859 965169
18.526947 966517
18.542334 967865
18.542409 969213
18.542948 970561
18.555486 971909
18.555541 973257
18.556379 974605
18.618911 975953
18.61899 977301
18.619061 978649
18.644831 979997
18.644906 981345
18.644999 982693
18.645077 984041
18.645151 985389
18.645207 986737
18.682914 988085
18.683007 989433
18.69244 990781
18.692533 992129
18.692613 993477
18.694625 994825
18.739006 996173
18.771423 997521
18.771519 998869
18.771902 1000217
18.814108 1001565
18.81423 1002913
18.814306 1004261
18.814399 1005609
18.814566 1006957
18.814616 1008305
18.826724 1009653
18.826928 1011001
18.840852 1012349
18.840907 1013697
18.845698 1015045
18.845772 1016393
18.846965 1017741
18.898953 1019089
18.899051 1020437
18.899409 1021785
18.899501 1023133
18.922554 1024481
18.922648 1025829
18.922955 1027177
18.944286 1028525
18.944749 1029873
18.956686 1031221
18.956733 1032569
18.95678 1033917
18.958962 1035265
19.01348 1036613
19.013557 1037961
19.014961 1039309
19.095901 1040657
19.098952 1042005
19.124337 1043353
19.235373 1044701
24.345304 1044702
29.345526 1044702
29.491827 1046049
29.491893 1047397
29.567874 1048745
29.568432 1050093
29.571159 1051441
29.574987 1052789
29.616884 1054137
29.62501 1055485
29.637602 1056833
29.639145 1058181
29.639239 1059529
29.6393 1060877
29.642078 1062225
29.642172 1063573
29.685 1064921
29.720099 1066269
29.720175 1067617
29.720271 1068965
29.72113 1070313
29.783402 1071661
30.117517 1073009
30.117593 1074357
30.11945 1075705
30.121889 1077053
30.121963 1078401
30.122039 1079749
30.123499 1081097
30.123555 1082445
30.169998 1083793
30.170075 1085141
30.204825 1086489
30.204944 1087837
30.30612 1089185
30.622024 1090533
30.6225 1091881
30.625934 1093229
30.626029 1094577
30.62611 1095925
30.632122 1097273
30.632178 1098621
30.633896 1099969
30.633988 1101317
30.683772 1102665
30.737638 1104013
30.790918 1105361
30.82446 1106709
30.825767 1108057
30.825842 1109405
30.825937 1110753
30.829362 1112101
30.877729 1113449
30.877809 1114797
30.877888 1116145
30.885176 1117493
30.885255 1118841
30.923872 1120189
31.010848 1121537
31.153844 1122885
31.153922 1124233
31.158758 1125581
31.158834 1126929
31.159811 1128277
31.159909 1129625
31.15999 1130973
31.160066 1132321
31.161642 1133669
31.161717 1135017
31.249596 1136365
31.384869 1137713
31.533319 1139061
31.534941 1140409
31.653895 1141757
36.75433 1141758
