6.7239 0
6.724012 2697
6.724093 4045
6.724169 5393
6.724264 6741
6.724343 8089
6.724418 9437
6.726974 10785
6.72705 12133
6.727103 13481
6.782279 14829
6.784567 16177
6.786566 17525
6.788099 18873
6.790183 20221
6.791711 21569
6.793781 22917
6.796702 24265
6.797219 25613
6.800323 26961
6.800421 28309
6.8282 29657
6.830748 31005
6.836627 32353
6.83713 33701
6.854306 35049
6.855845 36397
6.857625 37745
6.860716 39093
6.862303 40441
6.864023 41789
6.866349 43137
6.866946 44485
6.876309 45833
6.878366 47181
6.884776 48529
6.894248 49877
6.899362 51225
6.906005 52573
6.906508 53921
6.910614 55269
6.912667 56617
6.913729 57965
6.917006 59313
6.918305 60661
6.918941 62009
6.923702 63357
6.926992 64705
6.947019 66053
6.947569 67401
6.948252 68749
6.949532 70097
