7.33935 0
7.33944 2697
7.339523 4045
7.339642 5393
7.339697 6741
7.339745 8089
7.342992 9437
7.343088 10785
7.343168 12133
7.343244 13481
7.399077 14829
7.399151 16177
7.399246 17525
7.401956 18873
7.403841 20221
7.410606 21569
7.410681 22917
7.410777 24265
7.410955 25613
7.411029 26961
7.414708 28309
7.414782 29657
7.414954 31005
7.415049 32353
7.44891 33701
7.450007 35049
7.450098 36397
7.450824 37745
7.45379 39093
7.454945 40441
7.455904 41789
7.455977 43137
7.458978 44485
7.461544 45833
7.462952 47181
7.466675 48529
7.46675 49877
7.466946 51225
7.46704 52573
7.470475 53921
7.471066 55269
7.471162 56617
7.471242 57965
7.474971 59313
7.475047 60661
7.512794 62009
7.51287 63357
7.512926 64705
7.513821 66053
7.513895 67401
7.516549 68749
7.516625 70097
7.516701 71445
7.516758 72793
7.51791 74141
7.520816 75489
7.520891 76837
7.520962 78185
7.522001 79533
7.523995 80881
7.524072 82229
7.524287 83577
7.524364 84925
7.52444 86273
7.526211 87621
7.546978 88969
7.547084 90317
7.547182 91665
7.547263 93013
7.54732 94361
7.547367 95709
7.547413 97057
7.54746 98405
7.57732 99753
7.577414 101101
7.577474 102449
7.57801 103797
7.578104 105145
7.578743 106493
7.578929 107841
7.582183 109189
7.582259 110537
7.582316 111885
7.582363 113233
7.582961 114581
7.583036 115929
7.58599 117277
7.586064 118625
7.586963 119973
7.587038 121321
7.58988 122669
7.589974 124017
7.590055 125365
7.590958 126713
7.591054 128061
7.609353 129409
7.609429 130757
7.609573 132105
7.611421 133453
7.611497 134801
7.611573 136149
7.611641 137497
7.611734 138845
7.611787 140193
7.624158 141541
7.62431 142889
7.624403 144237
7.624482 145585
7.624539 146933
7.633142 148281
7.633217 149629
7.633295 150977
7.63339 152325
7.634044 153673
7.634099 155021
7.634146 156369
7.637431 157717
7.637506 159065
7.638891 160413
7.645887 161761
7.645961 163109
7.646117 164457
7.646174 165805
7.649184 167153
7.64926 168501
7.649969 169849
7.652272 171197
7.652348 172545
7.65271 173893
7.660058 175241
7.660133 176589
7.660231 177937
7.661749 179285
7.66181 180633
7.665638 181981
7.665712 183329
7.666279 184677
7.671364 186025
7.671439 187373
7.671534 188721
7.671606 190069
7.671901 191417
7.671997 192765
7.6761 194113
7.676176 195461
7.676309 196809
7.676364 198157
7.676411 199505
7.676458 200853
7.680573 202201
7.680654 203549
7.681933 204897
7.688229 206245
7.688326 207593
7.688406 208941
7.688463 210289
7.689578 211637
7.714536 212985
7.714947 214333
7.724853 215681
7.724947 217029
7.725027 218377
7.726953 219725
7.727043 221073
7.731336 222421
7.731415 223769
7.731515 225117
7.731611 226465
7.73262 227813
7.732675 229161
7.739508 230509
7.739583 231857
7.739688 233205
7.739748 234553
7.740024 235901
7.740116 237249
7.740176 238597
7.744436 239945
7.74453 241293
7.745921 242641
7.748525 243989
7.748622 245337
7.750267 246685
7.750322 248033
7.75288 249381
7.752955 250729
7.753863 252077
7.758303 253425
7.758378 254773
7.758435 256121
7.758951 257469
7.779662 258817
7.779736 260165
7.779793 261513
7.780749 262861
7.780824 264209
7.786712 265557
7.786958 266905
7.790465 268253
7.790947 269601
7.793548 270949
7.793622 272297
7.793955 273645
7.803489 274993
7.803624 276341
7.804572 277689
7.810008 279037
7.810157 280385
7.810979 281733
7.811068 283081
7.818952 284429
7.819103 285777
7.819221 287125
7.81934 288473
7.819489 289821
7.822606 291169
7.822725 292517
7.822879 293865
7.82302 295213
7.823106 296561
7.823192 297909
7.823277 299257
7.82336 300605
7.823444 301953
7.830386 303301
7.830535 304649
7.830702 305997
7.830815 307345
7.830993 308693
7.83111 310041
7.840124 311389
7.840601 312737
7.841967 314085
7.848632 315433
7.848752 316781
7.84893 318129
7.850984 319477
7.851064 320825
7.877345 322173
7.877421 323521
7.877497 324869
7.877593 326217
7.877653 327565
7.878837 328913
7.878932 330261
7.879011 331609
7.884967 332957
7.885041 334305
7.886752 335653
7.888967 337001
7.889041 338349
7.890315 339697
7.896428 341045
7.896503 342393
7.896604 343741
7.896686 345089
7.89875 346437
7.898845 347785
7.898989 349133
7.899043 350481
7.902927 351829
7.903003 353177
7.903078 354525
7.903905 355873
7.903961 357221
7.908974 358569
7.909067 359917
7.911029 361265
7.911126 362613
7.926559 363961
7.94005 365309
7.940125 366657
7.940221 368005
7.94028 369353
7.941833 370701
7.941925 372049
7.942005 373397
7.942304 374745
7.942397 376093
7.942476 377441
7.942957 378789
7.977858 380137
7.977934 381485
7.978835 382833
7.978955 384181
7.980217 385529
7.980315 386877
7.980397 388225
7.980456 389573
7.981741 390921
7.981815 392269
7.984186 393617
7.984726 394965
7.98478 396313
7.984827 397661
7.994489 399009
7.994582 400357
7.994963 401705
7.995037 403053
8.000773 404401
8.000855 405749
8.000931 407097
8.000987 408445
8.00199 409793
8.002083 411141
8.008036 412489
8.008111 413837
8.008176 415185
8.011851 416533
8.012211 417881
8.020424 419229
8.02052 420577
8.020576 421925
8.020621 423273
8.021775 424621
8.02666 425969
8.026758 427317
8.026839 428665
8.026935 430013
8.027047 431361
8.027097 432709
8.049691 434057
8.049767 435405
8.049843 436753
8.049899 438101
8.050971 439449
8.051046 440797
8.051141 442145
8.054515 443493
8.05459 444841
8.054648 446189
8.054958 447537
8.055033 448885
8.080313 450233
8.080862 451581
8.080918 452929
8.080966 454277
8.081015 455625
8.08155 456973
8.081648 458321
8.086741 459669
8.086841 461017
8.086997 462365
8.087054 463713
8.106444 465061
8.106551 466409
8.106755 467757
8.10683 469105
8.11054 470453
8.110615 471801
8.110961 473149
8.111037 474497
8.114202 475845
8.114273 477193
8.114953 478541
8.119719 479889
8.12008 481237
8.138335 482585
8.138396 483933
8.138443 485281
8.139014 486629
8.139107 487977
8.144403 489325
8.144481 490673
8.144579 492021
8.144658 493369
8.146997 494717
8.147053 496065
8.157151 497413
8.157229 498761
8.15767 500109
8.157746 501457
8.157822 502805
8.157879 504153
8.15796 505501
8.16668 506849
8.166757 508197
8.166834 509545
8.166963 510893
8.167037 512241
8.167112 513589
8.167169 514937
8.187107 516285
8.187183 517633
8.187279 518981
8.19097 520329
8.191044 521677
8.194644 523025
8.194691 524373
8.195148 525721
8.195225 527069
8.195318 528417
8.195397 529765
8.19634 531113
8.196434 532461
8.207087 533809
8.207162 535157
8.20759 536505
8.207702 537853
8.207779 539201
8.215108 540549
8.215204 541897
8.215284 543245
8.215341 544593
8.217889 545941
8.217964 547289
8.22593 548637
8.226009 549985
8.226081 551333
8.226178 552681
8.226315 554029
8.226369 555377
8.226416 556725
8.229362 558073
8.229441 559421
8.230108 560769
8.230183 562117
8.233531 563465
8.233629 564813
8.233713 566161
8.233789 567509
8.234484 568857
8.234539 570205
8.237786 571553
8.237862 572901
8.238956 574249
8.23905 575597
8.243488 576945
8.243562 578293
8.243661 579641
8.243713 580989
8.24376 582337
8.243807 583685
8.279379 585033
8.279458 586381
8.279557 587729
8.27965 589077
8.27973 590425
8.279827 591773
8.279907 593121
8.279982 594469
8.28658 595817
8.286674 597165
8.286753 598513
8.286936 599861
8.289476 601209
8.293197 602557
8.293251 603905
8.293337 605253
8.29339 606601
8.305918 607949
8.306011 609297
8.30609 610645
8.306961 611993
8.307015 613341
8.337672 614689
8.338234 616037
8.338311 617385
8.338386 618733
8.338479 620081
8.338558 621429
8.338614 622777
8.338661 624125
8.338708 625473
8.338754 626821
8.339026 628169
8.339101 629517
8.339194 630865
8.339273 632213
8.339348 633561
8.339439 634909
8.345164 636257
8.345239 637605
8.347021 638953
8.347081 640301
8.350587 641649
8.350668 642997
8.35072 644345
8.350768 645693
8.350815 647041
8.359032 648389
8.359108 649737
8.359203 651085
8.359282 652433
8.360087 653781
8.360208 655129
8.384049 656477
8.384127 657825
8.385894 659173
8.385949 660521
8.385996 661869
8.386043 663217
8.386812 664565
8.401232 665913
8.401306 667261
8.401946 668609
8.40202 669957
8.404067 671305
8.404159 672653
8.40422 674001
8.405962 675349
8.417374 676697
8.417468 678045
8.418965 679393
8.419019 680741
8.424851 682089
8.424926 683437
8.425001 684785
8.425094 686133
8.42629 687481
8.426345 688829
8.426392 690177
8.429204 691525
8.429297 692873
8.429378 694221
8.430122 695569
8.437407 696917
8.437507 698265
8.437588 699613
8.438942 700961
8.439033 702309
8.448582 703657
8.448657 705005
8.450632 706353
8.45347 707701
8.453545 709049
8.453602 710397
8.453682 711745
8.473948 713093
8.474024 714441
8.474095 715789
8.474599 717137
8.474654 718485
8.47859 719833
8.478686 721181
8.478957 722529
8.48054 723877
8.480641 725225
8.481738 726573
8.486434 727921
8.486527 729269
8.486934 730617
8.496988 731965
8.497064 733313
8.497153 734661
8.49796 736009
8.498016 737357
8.508946 738705
8.509022 740053
8.509093 741401
8.509188 742749
8.509267 744097
8.50943 745445
8.509524 746793
8.509584 748141
8.509631 749489
8.516735 750837
8.516813 752185
8.516891 753533
8.516987 754881
8.51894 756229
8.519014 757577
8.534426 758925
8.534568 760273
8.534625 761621
8.534672 762969
8.538991 764317
8.539067 765665
8.539162 767013
8.5397 768361
8.562598 769709
8.562658 771057
8.562924 772405
8.580866 773753
8.585008 775101
8.586961 776449
8.592599 777797
8.61377 779145
8.61385 780493
8.616768 781841
8.616861 783189
8.618926 784537
8.619318 785885
8.619408 787233
8.620779 788581
8.625286 789929
8.625362 791277
8.625438 792625
8.626946 793973
8.62702 795321
8.634685 796669
8.634777 798017
8.634924 799365
8.655997 800713
8.65609 802061
8.657445 803409
8.672235 804757
8.672311 806105
8.672388 807453
8.672445 808801
8.672867 810149
8.672926 811497
8.672973 812845
8.67302 814193
8.673067 815541
8.674077 816889
8.674168 818237
8.694738 819585
8.694834 820933
8.694974 822281
8.695047 823629
8.695141 824977
8.695219 826325
8.695294 827673
8.698381 829021
8.698475 830369
8.698555 831717
8.69863 833065
8.698724 834413
8.699037 835761
8.699112 837109
8.699206 838457
8.706767 839805
8.706871 841153
8.706969 842501
8.707046 843849
8.707102 845197
8.707149 846545
8.708728 847893
8.710945 849241
8.735038 850589
8.735112 851937
8.735206 853285
8.735266 854633
8.735313 855981
8.737059 857329
8.737134 858677
8.737209 860025
8.740575 861373
8.740632 862721
8.740818 864069
8.740912 865417
8.740992 866765
8.742948 868113
8.754707 869461
8.754782 870809
8.754857 872157
8.754994 873505
8.755051 874853
8.758492 876201
8.758586 877549
8.758667 878897
8.758723 880245
8.758944 881593
8.759019 882941
8.760273 884289
8.760367 885637
8.760446 886985
8.760503 888333
8.761734 889681
8.761809 891029
8.789406 892377
8.7895 893725
8.790845 895073
8.790905 896421
8.797402 897769
8.798504 899117
8.80459 900465
8.804667 901813
8.804726 903161
8.804773 904509
8.806092 905857
8.806189 907205
8.846273 908553
8.846348 909901
8.846406 911249
8.846536 912597
8.846612 913945
8.853738 915293
8.853832 916641
8.853913 917989
8.853989 919337
8.854963 920685
8.855019 922033
8.860842 923381
8.860985 924729
8.862367 926077
8.865234 927425
8.865352 928773
8.866906 930121
8.866999 931469
8.869024 932817
8.869147 934165
8.86933 935513
8.869445 936861
8.889778 938209
8.889895 939557
8.890961 940905
8.891049 942253
8.914155 943601
8.914234 944949
8.914311 946297
8.914368 947645
8.914972 948993
8.915048 950341
8.94226 951689
8.94235 953037
8.942404 954385
8.966443 955733
8.966539 957081
8.966599 958429
8.966989 959777
8.967081 961125
8.974046 962473
8.974141 963821
8.97424 965169
8.974319 966517
8.974375 967865
8.983354 969213
8.98343 970561
8.98351 971909
8.983634 973257
8.984153 974605
8.984246 975953
8.98498 977301
8.985655 978649
8.994293 979997
8.994367 981345
8.994462 982693
8.994965 984041
8.995039 985389
9.009834 986737
9.009908 988085
9.010942 989433
9.024304 990781
9.02438 992129
9.024478 993477
9.024537 994825
9.026913 996173
9.027012 997521
9.027072 998869
9.050552 1000217
9.050796 1001565
9.050871 1002913
9.050974 1004261
9.051054 1005609
9.056707 1006957
9.0568 1008305
9.058386 1009653
9.058449 1011001
9.065009 1012349
9.065083 1013697
9.065158 1015045
9.066943 1016393
9.067052 1017741
9.074364 1019089
9.07446 1020437
9.074961 1021785
9.099965 1023133
9.100359 1024481
9.100435 1025829
9.100531 1027177
9.100591 1028525
9.100638 1029873
9.102983 1031221
9.103059 1032569
9.103138 1033917
9.103233 1035265
9.119393 1036613
9.119469 1037961
9.119544 1039309
9.11967 1040657
9.120305 1042005
9.12038 1043353
9.139412 1044701
9.139486 1046049
9.140321 1047397
9.140376 1048745
9.143078 1050093
9.143172 1051441
9.143252 1052789
9.143907 1054137
9.152486 1055485
9.15256 1056833
9.152618 1058181
9.153119 1059529
9.153193 1060877
9.161262 1062225
9.161337 1063573
9.161413 1064921
9.161469 1066269
9.16296 1067617
9.163035 1068965
9.179119 1070313
9.179194 1071661
9.179289 1073009
9.179766 1074357
9.179821 1075705
9.184998 1077053
9.185073 1078401
9.186965 1079749
9.187059 1081097
9.194624 1082445
9.1947 1083793
9.194775 1085141
9.194956 1086489
9.195031 1087837
9.198228 1089185
9.198282 1090533
9.198961 1091881
9.199037 1093229
9.241088 1094577
9.241192 1095925
9.241272 1097273
9.242224 1098621
9.242278 1099969
9.24587 1101317
9.245966 1102665
9.246589 1104013
9.246663 1105361
9.24672 1106709
9.246898 1108057
9.26302 1109405
9.263114 1110753
9.263976 1112101
9.286126 1113449
9.286221 1114797
9.286281 1116145
9.286969 1117493
9.287043 1118841
9.302766 1120189
9.302813 1121537
9.30286 1122885
9.302911 1124233
9.302956 1125581
9.303156 1126929
9.303233 1128277
9.303327 1129625
9.303405 1130973
9.303497 1132321
9.303575 1133669
9.303676 1135017
9.30622 1136365
9.316522 1137713
9.316616 1139061
9.317727 1140409
9.331192 1141757
9.331266 1143105
9.331318 1144453
9.331364 1145801
9.33162 1147149
9.341998 1148497
9.342073 1149845
9.342162 1151193
9.342241 1152541
9.342701 1153889
9.342757 1155237
9.342804 1156585
9.363772 1157933
9.36387 1159281
9.363933 1160629
9.366156 1161977
9.366251 1163325
9.370134 1164673
9.370188 1166021
9.370966 1167369
9.371057 1168717
9.373125 1170065
9.373221 1171413
9.373821 1172761
9.380747 1174109
9.381075 1175457
9.381289 1176805
9.381343 1178153
9.38181 1179501
9.386568 1180849
9.386644 1182197
9.38672 1183545
9.386815 1184893
9.386874 1186241
9.387029 1187589
9.387087 1188937
9.413595 1190285
9.413688 1191633
9.414944 1192981
9.419078 1194329
9.419171 1195677
9.419251 1197025
9.420447 1198373
9.425412 1199721
9.425487 1201069
9.425562 1202417
9.426819 1203765
9.426893 1205113
9.436669 1206461
9.436745 1207809
9.436822 1209157
9.438956 1210505
9.43903 1211853
9.444653 1213201
9.444746 1214549
9.445512 1215897
9.445567 1217245
9.451993 1218593
9.452068 1219941
9.452175 1221289
9.462383 1222637
9.462484 1223985
9.462603 1225333
9.462655 1226681
9.46294 1228029
9.468725 1229377
9.4688 1230725
9.469833 1232073
9.469926 1233421
9.473223 1234769
9.4733 1236117
9.473693 1237465
9.475753 1238813
9.475838 1240161
9.475933 1241509
9.476297 1242857
9.525476 1244205
9.52557 1245553
9.525963 1246901
9.526038 1248249
9.534945 1249597
9.535019 1250945
9.539051 1252293
9.539146 1253641
9.543631 1254989
9.543723 1256337
9.544096 1257685
9.557211 1259033
9.557288 1260381
9.558161 1261729
9.579202 1263077
9.579299 1264425
9.579379 1265773
9.582092 1267121
9.582139 1268469
9.582187 1269817
9.582233 1271165
9.58228 1272513
9.582983 1273861
9.583076 1275209
9.583155 1276557
9.605694 1277905
9.605769 1279253
9.605864 1280601
9.606343 1281949
9.606398 1283297
9.622611 1284645
9.622686 1285993
9.622743 1287341
9.622938 1288689
9.623012 1290037
9.628953 1291385
9.629028 1292733
9.629156 1294081
9.62921 1295429
9.638732 1296777
9.638806 1298125
9.638882 1299473
9.638952 1300821
9.639 1302169
9.652605 1303517
9.652708 1304865
9.652769 1306213
9.652815 1307561
9.6539 1308909
9.653976 1310257
9.654053 1311605
9.686659 1312953
9.68672 1314301
9.686767 1315649
9.686813 1316997
9.68686 1318345
9.686904 1319693
9.68698 1321041
9.687026 1322389
9.687073 1323737
9.687118 1325085
9.687164 1326433
9.722778 1327781
9.722873 1329129
9.722967 1330477
9.723062 1331825
9.72314 1333173
9.723197 1334521
9.723244 1335869
9.723291 1337217
9.723337 1338565
9.724345 1339913
9.72442 1341261
9.751168 1342609
9.751262 1343957
9.751321 1345305
9.751369 1346653
9.751454 1348001
9.751507 1349349
9.751554 1350697
9.751613 1352045
9.75166 1353393
9.751707 1354741
9.752215 1356089
9.772931 1357437
9.773007 1358785
9.77311 1360133
9.773193 1361481
9.774069 1362829
9.774203 1364177
9.774259 1365525
9.774306 1366873
9.776756 1368221
9.776836 1369569
9.778949 1370917
9.798474 1372265
9.798549 1373613
9.798645 1374961
9.798947 1376309
9.79902 1377657
9.805946 1379005
9.806022 1380353
9.806079 1381701
9.806125 1383049
9.806312 1384397
9.806386 1385745
9.822836 1387093
9.822957 1388441
9.823033 1389789
9.823089 1391137
9.823136 1392485
9.828159 1393833
9.828233 1395181
9.83058 1396529
9.830653 1397877
9.834631 1399225
9.834725 1400573
9.834785 1401921
9.834832 1403269
9.834942 1404617
9.839131 1405965
9.840048 1407313
9.868634 1408661
9.868726 1410009
9.870955 1411357
9.876558 1412705
9.876652 1414053
9.877935 1415401
9.915053 1416749
9.915147 1418097
9.915207 1419445
9.934365 1420793
9.934572 1422141
9.934952 1423489
9.938275 1424837
9.93835 1426185
9.938964 1427533
9.93904 1428881
9.950212 1430229
9.950761 1431577
9.953094 1432925
9.953188 1434273
9.953574 1435621
9.959054 1436969
9.959148 1438317
9.959227 1439665
9.959302 1441013
9.960237 1442361
9.962595 1443709
9.962672 1445057
9.96296 1446405
9.963034 1447753
9.994986 1449101
9.995079 1450449
9.995161 1451797
10.004365 1453145
10.004445 1454493
10.004523 1455841
10.006173 1457189
10.02297 1458537
10.023063 1459885
10.024531 1461233
10.030529 1462581
10.030604 1463929
10.030661 1465277
10.030708 1466625
10.031 1467973
10.031075 1469321
10.031168 1470669
10.041 1472017
10.041093 1473365
10.041172 1474713
10.04294 1476061
10.042999 1477409
10.049058 1478757
10.049152 1480105
10.049232 1481453
10.04931 1482801
10.049403 1484149
10.049462 1485497
10.050421 1486845
10.050513 1488193
10.050592 1489541
10.050649 1490889
10.06994 1492237
10.070016 1493585
10.070139 1494933
10.070193 1496281
10.07269 1497629
10.072768 1498977
10.074413 1500325
10.108601 1501673
10.108676 1503021
10.108778 1504369
10.110966 1505717
10.111057 1507065
10.128795 1508413
10.128871 1509761
10.129009 1511109
10.129066 1512457
10.129113 1513805
10.135062 1515153
10.135183 1516501
10.135239 1517849
10.136625 1519197
10.13961 1520545
10.139686 1521893
10.139763 1523241
10.14015 1524589
10.140225 1525937
10.147564 1527285
10.147694 1528633
10.147772 1529981
10.147848 1531329
10.150972 1532677
10.151047 1534025
10.171095 1535373
10.171169 1536721
10.171262 1538069
10.17174 1539417
10.171795 1540765
10.176089 1542113
10.176169 1543461
10.176852 1544809
10.176944 1546157
10.217599 1547505
10.217909 1548853
10.218005 1550201
10.230888 1551549
10.231008 1552897
10.231084 1554245
10.231159 1555593
10.231251 1556941
10.231329 1558289
10.231519 1559637
10.232423 1560985
10.235545 1562333
10.235659 1563681
10.238957 1565029
10.248387 1566377
10.248481 1567725
10.250033 1569073
10.264569 1570421
10.264644 1571769
10.265936 1573117
10.278483 1574465
10.278576 1575813
10.278636 1577161
10.278965 1578509
10.279058 1579857
10.2853 1581205
10.285374 1582553
10.286424 1583901
10.286479 1585249
10.30258 1586597
10.302681 1587945
10.302738 1589293
10.302785 1590641
10.302832 1591989
10.307353 1593337
10.307428 1594685
10.307647 1596033
10.307739 1597381
10.312941 1598729
10.313016 1600077
10.314952 1601187
