0.000000 0
10.647541 205
12.559934 267
13.100891 1615
13.20523 4311
13.20763 6267
13.6093 7615
13.610962 9267
13.710852 10507
14.083358 11855
14.084677 13507
14.192905 14747
14.633524 16095
14.634651 17747
14.739274 19095
14.743758 20747
15.099524 22095
15.107603 23747
15.215445 24987
15.601709 26335
15.603635 27987
15.697335 29335
15.701635 30987
16.101647 32335
42.280057 35757
42.381133 37409
42.39416 39061
42.74336 40409
42.744201 41757
42.855274 43409
42.856316 44757
42.85829 45061
43.241246 46409
43.245753 47757
43.341416 49409
43.358319 49458
53.843616 50806
53.845674 52458
54.087794 53806
54.09266 55458
