0.000000 0
9.903892 410
10.656102 417
10.764538 422
10.874094 435
10.893101 1783
10.893338 4479
10.893771 7175
10.893951 9871
10.89408 12567
11.007023 15263
11.010755 17959
11.010929 20655
11.011258 23351
11.013463 26047
11.0141 28743
11.014482 31439
11.116422 33216
11.12289 35912
11.123293 38608
11.12349 41304
11.123605 44000
11.123986 46696
11.124133 49392
11.251325 49613
11.251814 52309
11.252189 55005
11.252377 57701
11.252695 60397
11.25286 63093
11.253194 65789
11.356347 66010
11.357073 68706
11.35717 71402
11.357707 74098
11.359613 76794
11.363141 79490
11.363613 82186
11.461819 82407
11.462819 85103
11.462914 87799
11.463194 90495
11.463298 93191
11.463391 95887
11.574437 98804
11.581191 101500
11.581365 104196
11.5817 106892
11.64872 109588
11.648874 112284
11.649316 114980
11.686937 115201
11.687443 117897
11.687609 120593
11.687965 123289
11.68809 125985
11.688266 128681
11.688462 131377
11.791031 131611
11.837602 132959
11.838259 135655
11.838915 138351
11.839084 141047
11.839183 143743
11.839453 146439
11.83966 149135
11.839766 151831
11.839858 154527
11.945912 155722
11.967254 157070
11.967452 159766
11.967598 162462
11.967692 165158
11.967783 167854
11.983581 170550
11.983815 173246
12.097776 174594
12.124812 177290
12.211435 178638
12.326156 181334
12.431233 182682
12.540282 185378
12.65517 186726
12.761335 188074
12.892215 190770
13.003878 192118
13.116833 194814
13.234959 197510
13.366881 198858
13.484688 201554
13.603461 204250
13.722057 208294
13.846817 209642
13.954448 212338
14.096311 215034
14.238812 217730
14.297457 219078
14.403763 220426
14.578163 223122
14.685491 225818
14.792827 228514
14.793283 231210
14.934877 232558
15.046294 233906
15.046651 236602
15.161567 239298
15.206724 240646
15.300265 241994
15.391558 244690
15.448688 246038
15.55138 247386
15.657622 250082
15.757233 254126
15.800969 255474
15.900688 256822
15.999475 259518
16.050948 260866
16.163255 263562
16.246849 266258
16.303664 268954
16.402853 270302
16.492951 272998
16.549596 274346
16.652045 277042
16.736496 279738
16.800059 281086
16.801396 282434
16.903316 283782
16.903471 286478
16.950831 287826
17.049741 289174
17.129575 291870
17.199754 293218
17.307002 295914
17.390222 298610
17.450476 299958
17.551473 302654
17.555624 305350
17.609774 306698
17.70024 308046
17.77656 310742
17.801935 312090
17.907769 314786
17.964529 317482
18.050899 318830
18.157849 321526
18.158062 324222
18.313963 326918
18.374514 329614
18.429828 330962
18.534873 333658
18.620913 336354
18.649727 339050
18.749647 341746
18.80059 344442
18.902473 347138
18.950413 348486
19.04933 351182
19.049649 353878
19.100749 355226
19.200618 356574
19.251307 357922
19.251519 360618
19.353271 361966
19.39828 364662
19.535773 367358
19.55163 368706
19.651375 371402
19.651618 374098
19.757856 375446
19.759625 378142
19.804508 379490
19.874776 380838
19.911057 383534
20.008651 386230
20.062226 388926
20.149986 390274
20.15162 392970
20.240484 394318
20.301252 397014
20.413487 399710
20.46153 402406
20.533712 405102
20.572621 407798
20.642809 409146
20.745038 411842
20.823362 414538
20.824102 417234
20.874067 418582
20.975066 421278
20.976184 423974
21.101357 425322
21.103642 428018
21.207324 429366
21.261699 432062
21.308263 434758
21.350574 436106
21.40622 438802
21.465514 441498
21.582286 445542
21.690658 448238
21.735136 450934
21.801953 452282
21.869849 454978
21.870023 457674
21.99281 460370
21.992982 463066
22.128889 465762
22.129234 468458
22.24101 471154
22.242842 473850
22.349356 475198
22.391117 477894
22.474367 480590
22.474474 483286
22.525206 484634
22.597943 487330
22.643224 490026
22.714164 492722
22.784579 495418
22.820191 496766
22.823634 499462
22.93127 500810
22.956899 503506
23.040852 506202
23.075732 508898
23.147074 511594
23.18807 514290
23.254617 516986
23.309014 519682
23.399311 522378
23.41962 525074
23.53046 526422
23.59415 529118
23.594363 530466
23.639266 531814
23.699362 534510
23.756557 537206
23.805786 539902
23.866323 542598
23.914005 545294
23.978609 547990
24.019747 550686
24.083709 553382
24.125847 556078
24.192338 558774
24.234657 561470
24.301206 564166
24.353217 566862
24.410318 569558
24.467271 572254
24.467748 573602
24.518789 574950
24.608941 577646
24.634351 580342
24.726354 583038
24.743728 585734
24.85498 588430
24.855617 591126
24.874874 592474
24.964102 595170
24.979563 597866
25.073059 600562
25.091606 603258
25.181713 605954
25.183651 608650
25.227435 609998
25.292387 612694
25.293709 615390
25.344543 616738
25.412134 619434
25.463212 622130
25.51781 624826
25.571849 627522
25.636447 630218
25.637282 632914
25.690743 634262
25.75741 635610
25.75963 638306
25.830861 639654
25.879455 642350
25.879708 645046
25.940143 646394
25.999724 649090
26.000066 651786
26.054808 653134
26.11627 655830
26.173625 658526
26.175613 661222
26.234489 662570
26.235429 663918
26.301592 665266
26.302007 667962
26.352559 669310
26.407664 672006
26.458404 674702
26.523594 677398
26.567296 680094
26.631353 682790
26.675876 685486
26.740399 688182
26.791944 690878
26.795611 693574
26.849412 694922
26.913379 697618
26.913803 700314
27.038113 701662
27.038368 704358
27.03854 707054
27.148938 708402
27.149776 711098
27.149924 713794
27.258874 715142
27.274906 717838
27.275635 720534
27.367593 721882
27.402676 724578
27.403629 727274
27.47573 728622
27.479608 731318
27.537395 732666
27.539642 735362
27.600503 736710
27.602602 738058
27.668885 739406
27.669061 742102
27.725225 743450
27.725905 746146
27.777194 747494
27.84819 750190
27.851609 752886
27.892129 754234
27.963183 756930
28.000571 759626
28.077139 762322
28.077601 765018
28.113379 766366
28.188307 769062
28.188429 771758
28.260267 773106
28.298268 775802
28.299109 778498
28.366407 779846
28.367619 782542
28.423465 783890
28.475483 786586
28.47561 789282
28.53135 790630
28.583399 793326
28.631729 796022
28.63196 798718
28.740045 800066
28.740235 802762
28.743598 805458
28.849098 806806
28.851908 809502
28.852639 812198
28.967172 813546
28.967517 816242
28.967701 818938
29.075967 820286
29.079608 822982
29.083807 825678
29.185087 827026
29.187629 829722
29.214925 832418
29.306228 835114
29.306748 837810
29.323806 840506
29.414932 841854
29.415833 844550
29.450813 847246
29.528297 849942
29.55562 852638
29.601175 853986
29.603646 856682
29.648705 858030
29.649268 860726
29.722116 862074
29.722336 864770
29.790536 867466
29.790752 870162
29.85044 871510
29.851621 874206
29.924935 875554
29.927604 878250
29.978869 879598
29.979606 882294
30.052046 883642
30.052453 886338
30.16067 889034
30.162063 891730
30.178867 893078
30.179612 895774
30.269226 897122
30.277064 899818
30.372065 901166
30.372305 903862
30.372699 906558
30.48247 907906
30.483107 910602
30.498042 913298
30.602208 914646
30.602565 917342
30.608308 920038
30.608877 922734
30.708499 924082
30.711607 926778
30.750276 928126
30.818029 930822
30.819605 933518
30.856089 934866
30.859625 937562
30.945855 938910
30.946086 941606
30.947321 944302
31.002785 945650
31.003633 948346
31.057142 949694
31.057686 952390
31.13038 953738
31.130823 956434
31.182377 959130
31.242883 961826
31.24363 964522
31.294002 965870
31.295612 968566
31.349001 969914
31.350019 971262
31.403227 972610
31.403621 975306
31.451229 976654
31.451465 979350
31.557748 980698
31.557955 983394
31.55807 984742
31.668327 987438
31.669126 990134
31.669516 992830
31.777456 994178
31.777877 995526
31.789013 998222
31.791612 1000918
31.882746 1002266
31.882929 1004962
31.947376 1007658
31.991088 1010354
31.991732 1013050
32.081289 1015746
32.081754 1018442
32.132184 1021138
32.132812 1023834
32.237618 1026530
32.239609 1029226
32.245568 1031922
32.34658 1034618
32.347653 1037314
32.391858 1038662
32.452052 1041358
32.454738 1044054
32.512962 1045402
32.513813 1048098
32.549033 1049446
32.551008 1052142
32.599164 1053490
32.599667 1056186
32.67933 1057534
32.679908 1060230
32.68001 1062926
32.784543 1064274
32.785205 1066970
32.807716 1069666
32.807897 1072362
32.894331 1075058
32.929165 1077754
32.929606 1080450
33.003179 1081798
33.003614 1084494
33.047457 1085842
33.047627 1088538
33.111755 1091234
33.117601 1093930
33.159338 1095278
33.15962 1097974
33.271722 1100670
33.294253 1103366
33.294459 1106062
33.396081 1108758
33.396746 1111454
33.507779 1114150
33.508148 1116846
33.508541 1119542
33.635176 1122238
33.635286 1124934
33.635419 1127630
33.691716 1130326
33.74831 1131674
33.74888 1134370
33.749129 1137066
33.851197 1138414
33.851397 1141110
33.858113 1143806
33.858225 1146502
33.957606 1147850
33.957825 1150546
33.958122 1153242
34.06683 1154590
34.067567 1157286
34.067671 1159982
34.174023 1162678
34.174152 1165374
34.19585 1168070
34.196343 1170766
34.198563 1172114
34.289687 1174810
34.312864 1177506
34.313314 1180202
34.39791 1181550
34.398337 1184246
34.457432 1186942
34.458128 1189638
34.510712 1192334
34.538403 1193682
34.539135 1196378
34.644171 1199074
34.644695 1201770
34.656447 1204466
34.657275 1207162
34.75318 1208510
34.755649 1211206
34.768719 1212554
34.769528 1215250
34.866989 1217946
34.867528 1220642
34.887632 1223338
34.974016 1224686
34.97466 1227382
34.996294 1230078
34.996616 1231426
35.091268 1234122
35.091849 1236818
35.108526 1238166
35.108739 1240862
35.20125 1243558
35.201709 1246254
35.28496 1247602
35.287595 1250298
35.31751 1251646
35.317615 1254342
35.360953 1255690
35.362922 1258386
35.393536 1259734
35.39522 1262430
35.479412 1265126
35.479818 1267822
35.538177 1270518
35.538767 1273214
35.631022 1275910
35.631615 1278606
35.648801 1279954
35.649412 1282650
35.74261 1283998
35.764871 1286694
35.765544 1288042
35.765655 1290738
35.766216 1293434
35.873607 1294782
35.874077 1297478
35.874336 1300174
35.989223 1301522
35.990125 1304218
35.990222 1306914
35.998987 1309610
36.104705 1312306
36.107652 1315002
36.114157 1316350
36.115123 1319046
36.216468 1321742
36.217117 1324438
36.257363 1325786
36.258252 1328482
36.324563 1329830
36.324738 1332526
36.325054 1335222
36.379075 1336570
36.379271 1339266
36.442873 1341962
36.443265 1344658
36.506764 1346006
36.50748 1348702
36.507672 1351398
36.558551 1352746
36.558751 1355442
36.66815 1356790
36.668734 1358138
36.673807 1360834
36.674456 1363530
36.77599 1366226
36.778589 1368922
36.83159 1370270
36.831782 1372966
36.890763 1374314
36.891403 1377010
36.956072 1379706
36.956643 1382402
36.956747 1385098
36.959691 1386446
37.018923 1387794
37.019551 1390490
37.087005 1393186
37.087383 1395882
37.134239 1398578
37.13451 1399926
37.135341 1402622
37.237459 1403970
37.237568 1406666
37.239691 1409362
37.347117 1410710
37.347319 1413406
37.349792 1416102
37.350674 1418798
37.484488 1421494
37.485048 1424190
37.485781 1426886
37.486244 1429582
37.596703 1430930
37.597002 1433626
37.597107 1436322
37.709002 1439018
37.709193 1441714
37.70944 1444410
37.711209 1447106
37.839261 1448454
37.840382 1451150
37.840648 1453846
37.84087 1456542
37.955476 1457890
37.955605 1460586
37.955706 1463282
37.956133 1465978
38.062142 1468674
38.063636 1471370
38.121431 1472718
38.122071 1475414
38.122325 1478110
38.174814 1479458
38.175401 1482154
38.17566 1484850
38.2672 1487546
38.26739 1490242
38.289686 1491590
38.290488 1494286
38.375358 1496982
38.375742 1499678
38.4019 1502374
38.402032 1505070
38.498043 1507766
38.498769 1509114
38.498993 1511810
38.533269 1513158
38.533399 1515854
38.607395 1518550
38.60801 1521246
38.648458 1523942
38.648839 1526638
38.750322 1529334
38.75072 1532030
38.767841 1533378
38.767946 1536074
38.856261 1538770
38.856456 1541466
38.872158 1542814
38.87266 1545510
38.967694 1546858
38.968134 1549554
38.98431 1552250
38.984744 1554946
39.085221 1557642
39.087616 1560338
39.106985 1561686
39.107117 1564382
39.192564 1565730
39.192746 1568426
39.194032 1571122
39.218491 1572470
39.218931 1575166
39.310137 1577862
39.310529 1580558
39.350325 1583254
39.350452 1585950
39.419315 1588646
39.419644 1591342
39.459736 1592690
39.463017 1595386
39.496154 1596734
39.528392 1599430
39.529012 1602126
39.563206 1603474
39.563641 1606170
39.63387 1607518
39.634635 1610214
39.684705 1612910
39.685291 1615606
39.742473 1618302
39.742877 1620998
39.804975 1622346
39.805511 1625042
39.858647 1627738
39.859018 1630434
39.924526 1633130
39.924704 1635826
39.960638 1637174
39.96118 1639870
40.008714 1642566
40.009548 1645262
40.063438 1646610
40.063644 1649306
40.133821 1652002
40.133956 1654698
40.134888 1656046
40.186766 1657394
40.187923 1660090
40.248268 1662786
40.248508 1665482
40.339278 1668178
40.339384 1670874
40.339687 1673570
40.393843 1674918
40.39402 1677614
40.449291 1680310
40.451612 1683006
40.510791 1684354
40.510958 1687050
40.562874 1689746
40.563111 1692442
40.563286 1695138
40.62603 1696486
40.626463 1699182
40.696141 1701878
40.697059 1704574
40.699625 1707270
40.754879 1708618
40.755249 1711314
40.815956 1714010
40.816358 1716706
40.871782 1719402
40.872247 1722098
40.939619 1724794
40.9403 1727490
40.940846 1728838
40.989745 1730186
40.990455 1732882
41.054893 1735578
41.054997 1738274
41.125074 1740970
41.125232 1743666
41.16383 1746362
41.164566 1749058
41.234423 1751754
41.235604 1754450
41.274836 1755798
41.27591 1757146
41.276076 1759842
41.35881 1762538
41.35913 1765234
41.406649 1766582
41.4068 1769278
41.464583 1771974
41.465131 1774670
41.537499 1777366
41.538371 1780062
41.580141 1782758
41.58033 1785454
41.580699 1788150
41.64393 1789498
41.644587 1792194
41.698413 1794890
41.698894 1797586
41.75908 1800282
41.759246 1802978
41.810732 1805674
41.81123 1808370
41.811524 1809718
41.871058 1811066
41.906643 1813762
41.918088 1816458
41.918485 1819154
41.979757 1820502
41.979867 1823198
41.980089 1825894
42.033208 1827242
42.035611 1829938
42.085518 1831286
42.086007 1833982
42.159186 1836678
42.159292 1839374
42.159612 1842070
42.209505 1843418
42.210008 1846114
42.267378 1848810
42.267815 1851506
42.324423 1852854
42.325303 1855550
42.383437 1858246
42.383934 1860942
42.38411 1863638
42.438612 1864986
42.438806 1867682
42.498907 1870378
42.4996 1873074
42.566344 1875770
42.566504 1878466
42.632525 1881162
42.633094 1883858
42.676294 1886554
42.676984 1889250
42.750789 1891946
42.751701 1894642
42.792683 1897338
42.79297 1900034
42.79323 1902730
42.877747 1904078
42.904584 1906774
42.916488 1909470
42.916681 1910818
42.918486 1913514
42.984278 1914862
42.984499 1917558
43.013762 1920254
43.014005 1922950
43.091196 1925646
43.091438 1928342
43.128968 1931038
43.129385 1933734
43.199807 1936430
43.200055 1939126
43.284997 1941822
43.285529 1944518
43.316216 1947214
43.316476 1949910
43.35319 1951258
43.353599 1953954
43.353821 1956650
43.398441 1957998
43.398689 1960694
43.506504 1963390
43.507196 1966086
43.507443 1967434
43.509678 1970130
43.509865 1972826
43.616204 1974174
43.616952 1976870
43.61719 1979566
43.619779 1982262
43.724651 1983610
43.72536 1986306
43.727216 1989002
43.727436 1991698
43.82967 1994394
43.829778 1997090
43.852304 1999786
43.852455 2002482
43.937965 2005178
43.938464 2007874
43.93963 2010570
43.996103 2011918
43.999627 2014614
44.053109 2015962
44.053578 2018658
44.053703 2021354
44.055541 2022702
44.105143 2024050
44.105477 2026746
44.105655 2028094
44.105797 2029442
44.197238 2030790
44.197747 2033486
44.198995 2036182
44.211214 2037530
44.211392 2040226
44.30628 2042922
44.306451 2045618
44.309623 2048314
44.310621 2051010
44.360413 2052358
44.361074 2055054
44.418577 2057750
44.419624 2060446
44.488406 2061794
44.488799 2064490
44.489307 2065838
44.489462 2068534
44.549175 2071230
44.54962 2073926
44.647076 2076622
44.647464 2079318
44.658583 2082014
44.659227 2084710
44.759953 2087406
44.760576 2090102
44.761993 2091450
44.777101 2092798
44.777992 2095494
44.779617 2098190
44.867464 2100886
44.867994 2103582
44.885399 2104930
44.886022 2107626
44.975123 2110322
44.97531 2113018
44.975681 2115714
45.005292 2117062
45.005952 2119758
45.08351 2122454
45.096026 2123802
45.099624 2126498
45.111047 2127846
45.111187 2130542
45.111553 2133238
45.198893 2134586
45.199254 2137282
45.227104 2139978
45.227501 2142674
45.307514 2145370
45.307692 2148066
45.352605 2150762
45.355629 2152110
45.418427 2154806
45.418609 2157502
45.418843 2160198
45.461819 2162894
45.462321 2165590
45.462912 2168286
45.572438 2169634
45.573039 2172330
45.5733 2175026
45.573405 2177722
45.686008 2180418
45.686795 2183114
45.686951 2185810
45.6874 2188506
45.687603 2191202
45.79455 2192550
45.795225 2195246
45.795325 2197942
45.79552 2200638
45.899829 2203334
45.900484 2206030
45.900595 2208726
45.9013 2211422
45.901461 2214118
46.009189 2215466
46.010134 2218162
46.011165 2220858
46.021004 2222206
46.021596 2224902
46.117541 2227598
46.117883 2230294
46.133655 2232990
46.134207 2235686
46.134894 2237034
46.219341 2238382
46.219911 2241078
46.220088 2243774
46.248802 2246470
46.249047 2249166
46.324762 2251862
46.325266 2254558
46.351458 2257254
46.351686 2259950
46.431391 2262646
46.431623 2265342
46.463937 2268038
46.464114 2270734
46.543559 2273430
46.544152 2276126
46.562698 2278822
46.563706 2281518
46.651737 2284214
46.651843 2286910
46.685058 2289606
46.685165 2292302
46.68614 2293650
46.76847 2294998
46.768716 2297694
46.780099 2301738
46.780412 2304434
46.830929 2307130
46.889001 2309826
46.889151 2312522
46.889442 2315218
46.889567 2317914
46.940452 2319262
46.940634 2321958
46.942239 2323306
47.013071 2324654
47.013559 2327350
47.015629 2330046
47.068925 2331394
47.069077 2334090
47.069277 2336786
47.134282 2338134
47.134914 2340830
47.135201 2343526
47.186621 2344874
47.186827 2347570
47.246696 2350266
47.246979 2352962
47.247159 2355658
47.315218 2357006
47.315327 2359702
47.3157 2362398
47.371785 2363746
47.372291 2366442
47.372467 2369138
47.470357 2370486
47.484776 2371834
47.485088 2374530
47.485256 2377226
47.48764 2379922
47.601734 2381270
47.6024 2383966
47.602597 2386662
47.608333 2389358
47.608587 2392054
47.60874 2394750
47.717277 2397446
47.718181 2400142
47.778903 2402838
47.77972 2405534
47.779874 2408230
47.780024 2410926
47.84641 2413622
47.847173 2416318
47.847277 2419014
47.922994 2421710
47.923172 2424406
47.923399 2427102
47.976426 2429798
47.976885 2432494
48.01898 2433842
48.031918 2435190
48.032198 2437886
48.098536 2440582
48.099207 2443278
48.099347 2445974
48.162522 2448670
48.163206 2451366
48.163526 2454062
48.219669 2455410
48.220601 2458106
48.271419 2460802
48.271647 2463498
48.322089 2464846
48.328862 2466194
48.329008 2468890
48.329282 2471586
48.389266 2472934
48.39026 2475630
48.391126 2478326
48.488501 2479674
48.489375 2482370
48.49867 2485066
48.498906 2487762
48.526916 2490458
48.527166 2493154
48.600423 2495850
48.601106 2498546
48.601243 2501242
48.655583 2503938
48.656373 2506634
48.710312 2509330
48.710444 2512026
48.710538 2514722
48.766875 2516070
48.76732 2517418
48.768041 2520114
48.83795 2522810
48.839512 2525506
48.888472 2526854
48.888933 2529550
48.889818 2532246
48.954538 2534942
48.955028 2537638
48.955226 2540334
49.002173 2541682
49.002702 2544378
49.002932 2547074
49.074674 2548422
49.074885 2551118
49.074991 2553814
49.113496 2555162
49.150637 2557858
49.183675 2560554
49.18395 2563250
49.184107 2565946
49.263755 2567294
49.26394 2569990
49.264061 2572686
49.334772 2574034
49.334929 2576730
49.335301 2578078
49.369484 2579426
49.370169 2582122
49.389014 2584818
49.391622 2587514
49.448695 2588862
49.449287 2591558
49.449465 2594254
49.449582 2596950
49.528594 2598298
49.528779 2600994
49.529123 2603690
49.574374 2606386
49.574564 2609082
49.64447 2611778
49.645035 2613126
49.645626 2615822
49.693061 2617170
49.693298 2619866
49.693462 2622562
49.759711 2625258
49.76062 2627954
49.760944 2630650
49.804433 2631998
49.804614 2634694
49.804939 2637390
49.869086 2638738
49.869219 2641434
49.870284 2644130
49.916345 2645478
49.916559 2648174
49.986649 2650870
49.986813 2653566
49.987285 2656262
50.056948 2657610
50.057131 2660306
50.096199 2663002
50.096517 2665698
50.128192 2668394
50.128372 2671090
50.131628 2673786
50.184365 2675134
50.185097 2677830
50.18586 2680526
50.239297 2681874
50.2398 2684570
50.239902 2687266
50.297243 2688614
50.297718 2691310
50.357166 2694006
50.357916 2696702
50.359626 2699398
50.42532 2700746
50.425738 2703442
50.425917 2706138
50.473669 2707486
50.473824 2710182
50.474377 2711530
50.511462 2712878
50.578789 2715574
50.57939 2716922
50.579582 2719618
50.582208 2720966
50.582748 2723662
50.582933 2726358
50.664587 2727706
50.665229 2730402
50.667262 2733098
50.697923 2734446
50.698146 2737142
50.698263 2739838
50.783963 2741186
50.82594 2743882
50.826196 2746578
50.826403 2747926
50.892279 2750622
50.892914 2753318
50.893061 2756014
50.893244 2758710
50.966237 2760058
50.966503 2762754
50.966785 2764102
50.966955 2766798
50.96731 2768146
50.967456 2770842
51.101477 2772190
51.200849 2774886
51.201397 2777582
51.201604 2780278
51.201763 2782974
51.212682 2785670
51.21283 2788366
51.213008 2791062
51.2134 2793758
51.215381 2796454
51.38168 2797802
51.381876 2800498
51.382082 2803194
51.479811 2805890
51.480556 2808586
51.480662 2811282
51.480969 2813978
51.48112 2816674
51.4814 2819370
51.481569 2822066
51.523406 2824762
51.524539 2827458
51.52467 2830154
51.524766 2832850
51.525049 2835546
51.648012 2836894
51.648456 2839590
51.648931 2842286
51.6491 2844982
51.651622 2847678
51.800979 2849026
51.80163 2851722
51.802088 2854418
51.802218 2857114
51.802352 2859810
51.802444 2862506
51.930087 2863854
51.930258 2866550
51.930655 2869246
51.93083 2871942
51.93098 2874638
51.931074 2877334
51.931614 2880030
52.192309 2881378
52.192886 2884074
52.193241 2886770
52.193395 2889466
52.193598 2892162
52.193704 2894858
52.193797 2897554
52.381512 2898902
52.381748 2901598
52.381895 2904294
52.38252 2906990
52.382624 2909686
52.382716 2912382
52.382936 2915078
52.383103 2917774
52.383322 2920470
52.389935 2923166
52.390497 2925862
52.390674 2928558
52.578983 2929906
52.57915 2932602
52.579541 2935298
52.579735 2937994
52.579844 2940690
52.580372 2943386
52.580529 2946082
52.580775 2948778
52.580937 2951474
52.592494 2954170
52.592965 2956866
52.593067 2959562
52.647839 2960910
52.791094 2963606
52.791313 2966302
52.79153 2968998
52.791708 2971694
52.791829 2974390
52.792016 2977086
52.79222 2979782
52.966102 2982478
52.966632 2985174
52.966784 2987870
52.967149 2990566
53.151636 2991914
53.1518 2994610
53.152403 2997306
53.15257 3000002
53.152766 3002698
53.152867 3005394
53.152959 3008090
53.161264 3010786
53.161411 3013482
53.161816 3016178
53.162193 3018874
53.16229 3021570
53.255447 3024266
53.516828 3026962
53.517855 3029658
53.518038 3032354
53.518224 3035050
53.518612 3037746
53.518783 3040442
53.518985 3043138
53.519135 3045834
53.519229 3048530
53.51932 3051226
53.561979 3053922
53.562655 3056618
53.563631 3059314
53.73052 3060662
53.731141 3063358
53.731289 3066054
53.731589 3068750
53.732138 3071446
53.732303 3074142
53.732407 3076838
53.732633 3079534
53.732768 3082230
53.743776 3084926
53.744285 3087622
53.744463 3090318
53.744699 3093014
53.744835 3095710
53.892045 3098406
53.892734 3101102
53.89291 3103798
53.893082 3106494
53.893175 3109190
53.927057 3111886
53.92746 3114582
53.981246 3117278
53.981811 3119974
53.981911 3122670
53.98228 3125366
53.982474 3128062
54.077058 3130758
54.094531 3132106
54.094683 3134802
54.094978 3137498
