0.000000 0
11.468605 432
19.979885 437
20.481308 1461
20.603254 4157
20.603408 6853
20.731243 8201
20.731638 10897
20.777613 12245
20.853101 14941
20.853303 17637
20.853605 18985
20.862265 20333
20.898406 23029
20.901677 25725
20.97538 29769
20.977997 31117
20.982057 33231
37.004759 34255
37.00495 35603
37.126694 38299
37.129206 40995
37.129646 43691
37.248594 47735
37.248698 49628
45.515649 50652
45.515997 53348
45.633459 54696
45.639596 57392
45.642475 60088
45.757763 62784
45.757936 65480
49.021258 67049
49.021458 69745
49.140872 71093
49.144192 73789
49.144427 76485
49.267627 80529
49.269106 81877
52.528098 83446
52.531642 86142
52.791925 88838
52.802522 90186
52.802701 92882
53.167968 96926
53.168157 98819
