0.000000 0
5.017566 1291
5.187462 2082
5.601437 2772
5.6777 3454
10.274303 4134
11.297082 4814
12.522626 5491
14.308696 6169
14.906206 6862
15.086244 7528
15.271078 8346
15.839566 9120
15.889444 9899
15.956943 10673
18.878072 11447
20.762654 12221
22.356724 12995
23.316669 13769
25.477356 14551
25.579698 15317
25.633959 16083
29.118868 16853
30.709938 17487
31.718579 18835
32.902365 21366
41.80787 22072
49.67191 22780
57.661889 23487
63.5472 24173
63.993006 26458
95.654579 27159
108.943012 27362
109.05127 29105
109.105305 29843
109.62688 30613
