0.000000 0
63.864514 1617
63.864619 4313
63.865013 7009
63.86537 8399
63.868999 11095
63.916589 12443
63.917112 15139
63.917289 16487
63.919731 19183
63.919886 21879
63.920675 23227
63.923555 25923
63.92371 28619
63.925057 31315
63.961188 32663
63.961348 35359
63.962093 36707
63.964763 39403
63.965002 42099
63.965159 44795
63.967226 46143
63.967885 48839
63.969006 51535
63.986787 52883
63.986926 55579
63.989093 58275
64.003442 59623
64.003647 62319
64.003808 63667
64.009545 66363
64.009909 69059
64.027915 71755
64.028067 74451
64.028223 77147
64.029042 79843
64.029208 82539
64.029414 83887
64.031642 86583
64.031815 89279
64.032026 91975
64.032128 94671
64.036368 97367
64.050297 100063
64.050474 102759
64.05102 105455
64.069246 108151
64.069429 110847
64.069756 113543
64.069912 116239
64.082683 118935
64.082861 121631
64.083016 124327
64.083625 127023
64.08379 129719
64.083946 132415
64.084096 135111
64.08419 137807
64.084284 140503
64.084376 143199
64.084468 145895
64.08503 148591
64.085208 151287
64.085378 153983
64.092403 156679
64.102024 159375
64.102241 162071
64.102413 164767
64.102549 167463
64.114798 170159
64.114974 172855
64.117086 175551
64.121738 176899
64.121911 179595
64.125 182291
64.125171 184987
64.127514 186335
64.128969 189031
64.134053 190379
64.134227 193075
64.134331 195771
64.135929 198467
64.136092 201163
64.136249 203859
64.136994 206555
64.140533 209251
64.140708 211947
64.140812 214643
64.141106 217339
64.141277 220035
64.146475 221383
64.14665 224079
64.146754 226775
64.146849 229471
64.148014 230819
64.148182 233515
64.148337 236211
64.150513 238907
64.151124 241603
64.151259 244299
64.153011 246995
64.15318 249691
64.159373 252387
64.159549 255083
64.160998 257779
64.165972 260475
64.166296 263171
64.166449 265867
64.166543 268563
64.167224 271259
64.169428 273955
64.170039 276651
64.170216 279347
64.171914 282043
64.175691 284739
64.177011 287435
64.181556 290131
64.183057 292827
64.204692 294175
64.204913 296871
64.205063 299567
64.205157 302263
64.205334 304959
64.205508 307655
64.205689 310351
64.206184 313047
64.206351 315743
64.206456 318439
64.206549 321135
64.206641 323831
64.206731 326527
64.206823 329223
64.209105 331919
64.209277 334615
64.217397 335963
64.217576 338659
64.21776 341355
64.217914 344051
64.218153 346747
64.218247 349443
64.218341 352139
64.218431 354835
64.218522 357531
64.218613 360227
64.218703 362923
64.22104 365619
64.221215 368315
64.221368 371011
64.235722 372359
64.235901 375055
64.236073 377751
64.236238 380447
64.237025 383143
64.237197 385839
64.237364 388535
64.237591 391231
64.237755 393927
64.238429 396623
64.238583 399319
64.238732 402015
64.238825 404711
64.238917 407407
64.241049 410103
64.241221 412799
64.241389 415495
64.255975 418191
64.256155 420887
64.256323 423583
64.256457 426279
64.256551 428975
64.256644 431671
64.257143 434367
64.2573 437063
64.257468 439759
64.257655 442455
64.267794 443803
64.268301 446499
64.268437 449195
64.278163 451891
64.278345 454587
64.279686 457283
64.279837 459979
64.280009 462675
64.28014 465371
64.280234 468067
64.280327 470763
64.280417 473459
64.280508 476155
64.280599 478851
64.280689 481547
64.280783 484243
64.280874 486939
64.281199 489635
64.281366 492331
64.281518 495027
64.2817 497723
64.28187 500419
64.282025 503115
64.289016 505811
64.294209 507159
64.295303 509855
64.297574 512551
64.297758 515247
64.298786 516595
64.30061 519291
64.300977 521987
64.303701 524683
64.303878 527379
64.303981 530075
64.304074 532771
64.304165 535467
64.304255 538163
64.304347 540859
64.3051 542207
64.305267 544903
64.30542 547599
64.305591 550295
64.305776 552991
64.307902 555687
64.308113 558383
64.308228 559731
64.308374 562427
64.308477 565123
64.309854 567819
64.310008 570515
64.310181 573211
64.310346 575907
64.31302 578603
64.313191 581299
64.31336 583995
64.326087 585343
64.326261 588039
64.326393 590735
64.327686 593431
64.327917 596127
64.328011 598823
64.328103 601519
64.328193 604215
64.328284 606911
64.329141 609607
64.329294 612303
64.329463 614999
64.333558 617695
64.333727 620391
64.3339 623087
64.33673 625783
64.336831 628479
64.341741 629827
64.341948 632523
64.342101 635219
64.342252 637915
64.342422 640611
64.342514 643307
64.342606 646003
64.342696 648699
64.342786 651395
64.342876 654091
64.343385 656787
64.343553 659483
64.345826 662179
64.346 664875
64.346169 667571
64.349053 670267
64.357736 672963
64.357909 675659
64.358067 678355
64.358241 681051
64.361024 683747
64.361176 686443
64.361279 689139
64.385649 691835
64.385835 694531
64.38599 697227
64.386095 699923
64.386188 702619
64.386279 705315
64.38637 708011
64.38646 710707
64.386551 713403
64.386642 716099
64.386732 718795
64.386823 721491
64.386914 724187
64.387009 726883
64.387855 729579
64.388089 732275
64.388222 733623
64.388377 736319
64.388548 739015
64.388721 741711
64.388891 744407
64.389049 747103
64.389218 749799
64.389385 752495
64.389538 755191
64.38972 757887
64.389888 760583
64.390042 763279
64.390715 765975
64.390886 768671
64.391109 771367
64.391281 774063
64.391431 776759
64.391524 779455
64.391617 782151
64.391707 784847
64.391798 787543
64.391888 790239
64.391979 792935
64.392069 795631
64.39216 798327
64.39225 801023
64.392341 803719
64.392428 806415
64.392519 809111
64.392614 811807
64.392708 814503
64.393045 818547
64.393215 821243
64.395216 823939
64.395366 826635
64.395537 829331
64.395966 832027
64.39612 834723
64.396289 837419
64.396458 840115
64.396611 842811
64.397077 845507
64.44561 848203
64.445798 850899
64.449207 853595
64.452198 856291
64.45235 858987
64.452521 861683
64.452687 864379
64.453113 867075
64.453283 869771
64.453665 872467
64.453815 875163
64.454904 877859
64.455077 880555
64.457156 883251
64.458307 884599
64.461013 887295
64.461163 889991
64.461265 892687
64.461359 895383
64.46145 898079
64.465006 900775
64.467736 903471
64.467908 906167
64.469011 908863
64.46918 911559
64.47325 912907
64.473424 915603
64.476979 918299
64.479238 920995
64.482753 922343
64.482925 925039
64.483816 927735
64.486222 930431
64.487499 933127
64.490186 935823
64.490362 938519
64.490465 941215
64.490558 943911
64.493087 946607
64.493251 947955
64.49906 950651
64.499238 953347
64.499406 956043
64.499576 958739
64.49973 961435
64.499833 964131
64.500031 966827
64.500128 969523
64.500221 972219
64.500338 974915
64.500437 977611
64.502825 980307
64.505607 981655
64.505795 984351
64.50597 987047
64.509124 989743
64.509278 992439
64.524483 993787
64.524635 996483
64.524811 999179
64.52503 1001875
64.525181 1004571
64.52535 1007267
64.525514 1009963
64.525685 1012659
64.525883 1015355
64.525987 1018051
64.543867 1020747
64.544022 1023443
64.544194 1026139
64.54436 1028835
64.544495 1031531
64.544589 1034227
64.544681 1036923
64.545186 1039619
64.545341 1042315
64.545509 1045011
64.545685 1047707
64.54989 1050403
64.550064 1053099
64.550233 1055795
64.550713 1058491
64.550843 1059839
64.55094 1062535
64.551034 1065231
64.551124 1067927
64.551215 1070623
64.551306 1073319
64.551396 1076015
64.551486 1078711
64.553401 1081407
64.553889 1082755
64.559593 1084103
64.559768 1086799
64.560999 1089495
64.563544 1092191
64.563936 1094887
64.564103 1097583
64.564256 1100279
64.565049 1102975
64.566754 1105671
64.569088 1108367
64.577849 1109715
64.58099 1112411
64.586128 1113759
64.586304 1116455
64.586458 1119151
64.586607 1121847
64.586741 1123195
64.586836 1125891
64.586931 1128587
64.587022 1131283
64.587112 1133979
64.587204 1136675
64.587294 1139371
64.587385 1142067
64.590483 1144763
64.591098 1147459
64.59125 1150155
64.591425 1152851
64.59762 1155547
64.597848 1158243
64.598018 1160939
64.598215 1163635
64.60398 1166331
64.604362 1169027
64.604567 1171723
64.604735 1174419
64.604883 1177115
64.610748 1179811
64.610923 1182507
64.611054 1185203
64.611148 1187899
64.61124 1190595
64.611897 1191943
64.612068 1194639
64.612233 1197335
64.612415 1200031
64.612553 1202727
64.612644 1205423
64.613079 1208119
64.614866 1210815
64.615037 1213511
64.615879 1216207
64.615981 1218903
64.618942 1220251
64.619098 1222947
64.620995 1225643
64.627015 1228339
64.628954 1229687
64.631177 1232383
64.631347 1235079
64.631503 1237775
64.631603 1240471
64.631696 1243167
64.634895 1245863
64.6351 1248559
64.635267 1251255
64.641021 1252603
64.6412 1255299
64.641367 1257995
64.641502 1260691
64.641596 1263387
64.644536 1266083
64.64469 1268779
64.644865 1271475
64.649723 1274171
64.649896 1276867
64.650049 1279563
64.650514 1280911
64.650715 1283607
64.650812 1286303
64.650905 1288999
64.650996 1291695
64.651087 1294391
64.651193 1297087
64.651284 1299783
64.651374 1302479
64.651744 1305175
64.652994 1307871
64.657467 1309219
64.657648 1311915
64.657799 1314611
64.661085 1317307
64.665197 1320003
64.665941 1322699
64.666094 1325395
64.666266 1328091
64.666422 1330787
64.668997 1333483
64.669168 1336179
64.67249 1338875
64.672647 1341571
64.672822 1344267
64.672928 1346963
64.673064 1349659
64.673157 1352355
64.673247 1355051
64.701024 1357747
64.70199 1360443
64.702164 1363139
64.702333 1365835
64.702487 1368531
64.702655 1371227
64.705101 1373923
64.705261 1376619
64.705432 1379315
64.705601 1382011
64.705745 1384707
64.705839 1387403
64.705932 1390099
64.706022 1392795
64.706114 1395491
64.709011 1398187
64.709178 1400883
64.736869 1402231
64.737118 1404927
64.73727 1407623
64.737442 1410319
64.737611 1413015
64.737793 1415711
64.737927 1418407
64.738019 1421103
64.738109 1423799
64.7382 1426495
64.738294 1429191
64.738385 1431887
64.738476 1434583
64.738567 1437279
64.738657 1439975
64.738751 1442671
64.738841 1445367
64.738935 1448063
64.739026 1450759
64.740698 1452107
64.740866 1454803
64.741019 1457499
64.741183 1460195
64.74134 1462891
64.741494 1465587
64.774378 1468283
64.774557 1470979
64.775626 1473675
64.7759 1476371
64.776073 1479067
64.776241 1481763
64.776395 1484459
64.776565 1487155
64.776731 1489851
64.776838 1492547
64.776947 1495243
64.777341 1497939
64.7775 1500635
64.777682 1503331
64.777787 1506027
64.777881 1508723
64.777972 1511419
64.778063 1514115
64.778155 1516811
64.778246 1519507
64.77834 1522203
64.778431 1524899
64.778521 1527595
64.778612 1530291
64.810207 1532987
64.810454 1535683
64.810629 1538379
64.810795 1541075
64.810949 1543771
64.811117 1546467
64.811288 1549163
64.811455 1551859
64.811607 1554555
64.811775 1557251
64.811939 1559947
64.812091 1562643
64.812258 1565339
64.812421 1568035
64.812572 1570731
64.812721 1573427
64.813124 1576123
64.813276 1578819
64.813442 1581515
64.813607 1584211
64.813723 1586907
64.813817 1589603
64.813908 1592299
64.813999 1594995
64.823707 1597691
64.823885 1600387
64.824054 1603083
64.824208 1605779
64.824377 1608475
64.824546 1611171
64.8247 1613867
64.824868 1616563
64.824976 1619259
64.82518 1621955
64.825273 1624651
64.825367 1627347
64.825457 1630043
64.825547 1632739
64.825651 1635435
64.825744 1638131
64.825835 1640827
64.825927 1643523
64.826017 1646219
64.826108 1648915
64.829219 1650263
64.829371 1652959
64.829543 1655655
64.831119 1658351
64.831289 1661047
64.831442 1663743
64.83161 1666439
64.831777 1669135
64.83193 1671831
64.832098 1674527
64.833017 1677223
64.833168 1679919
64.833339 1682615
64.833505 1685311
64.844745 1688007
64.844892 1690703
64.845108 1693399
64.845691 1696095
64.845826 1698791
64.845921 1701487
64.846015 1704183
64.846106 1706879
64.846265 1709575
64.846364 1712271
64.846456 1714967
64.846547 1717663
64.863424 1719011
64.863577 1721707
64.86397 1724403
64.866119 1727099
64.866638 1729795
64.866812 1732491
64.869002 1735187
64.869174 1737883
64.88277 1739231
64.896861 1740579
64.900682 1741927
64.904648 1744623
64.906895 1745971
64.908697 1748667
64.908869 1751363
64.909086 1754059
64.909254 1756755
64.909423 1759451
64.909591 1762147
64.909757 1764843
64.912207 1767539
64.915717 1768887
64.915889 1771583
64.916488 1774279
64.916657 1776975
64.919164 1778323
64.919292 1781019
64.919387 1783715
64.919884 1786411
64.920051 1789107
64.922562 1791803
64.925 1794499
64.928763 1797195
64.928936 1799891
64.929097 1802587
64.92919 1805283
64.929281 1807979
64.929373 1810675
64.929465 1813371
64.929555 1816067
64.92966 1818763
64.937238 1820111
64.93741 1822807
64.937564 1825503
64.941078 1828199
64.941287 1830895
64.943846 1832243
64.945002 1834939
64.946259 1837635
64.948251 1838983
64.950633 1840331
64.950806 1843027
64.950972 1845723
64.951125 1848419
64.953092 1851115
64.953255 1853811
64.956493 1856507
64.956667 1859203
64.956816 1861899
64.957016 1864595
64.957167 1867291
64.963028 1869987
64.963198 1872683
64.964537 1874031
64.964662 1876727
64.965096 1879423
64.965264 1882119
64.966862 1884815
64.966997 1886163
64.96716 1888859
64.967289 1891555
64.970207 1892903
64.97038 1895599
64.973085 1898295
64.976136 1900991
64.976341 1903687
64.976483 1906383
64.976578 1909079
64.976672 1911775
64.976762 1914471
64.979333 1917167
64.980896 1919863
64.981041 1921211
64.98123 1923907
64.983247 1926603
64.983356 1927951
64.985011 1930647
64.985178 1933343
64.985329 1936039
64.985432 1938735
64.986833 1940083
64.987005 1942779
64.987135 1945475
64.989882 1946823
64.990048 1949519
64.990192 1952215
64.990333 1954911
64.991573 1957607
64.991736 1960303
64.99189 1962999
64.99204 1965695
64.993005 1968391
64.993136 1969739
64.996017 1971087
64.996171 1973783
64.996264 1976479
64.997043 1979175
64.997215 1981871
64.997383 1984567
64.999539 1987263
64.999671 1989959
64.999765 1992655
65.001056 1994003
65.003533 1995351
65.003684 1998047
65.003855 2000743
65.004627 2003439
65.004762 2006135
65.004855 2008831
65.004965 2011527
65.007907 2014223
65.008054 2016919
65.008227 2019615
65.008968 2022311
65.009114 2025007
65.011517 2027703
65.01169 2030399
65.011845 2033095
65.014605 2034443
65.014737 2037139
65.014829 2039835
65.014953 2041183
65.015053 2043879
65.015146 2046575
65.015237 2049271
65.017392 2051967
65.020993 2054663
65.021165 2057359
65.023075 2058707
65.023465 2061403
65.023632 2064099
65.024438 2065447
65.026617 2068143
65.028037 2070839
65.028206 2073535
65.029997 2074883
65.030667 2077579
65.030782 2078927
65.030882 2081623
65.034115 2082971
65.034267 2085667
65.034422 2087015
65.034527 2089711
65.034621 2092407
65.034713 2095103
65.034805 2097799
65.037273 2100495
65.03744 2103191
65.037613 2105887
65.037828 2108583
65.040246 2111279
65.040412 2113975
65.046039 2115323
65.046209 2118019
65.046363 2120715
65.049093 2123411
65.052151 2126107
65.052306 2128803
65.052631 2131499
65.05278 2134195
65.056538 2136891
65.056689 2139587
65.056861 2142283
65.057085 2143631
65.057234 2146327
65.063201 2147675
65.063355 2150371
65.063525 2153067
65.063629 2155763
65.063723 2158459
65.063945 2159807
65.064097 2162503
65.064264 2165199
65.064394 2167895
65.066037 2170591
65.066208 2173287
65.066536 2175983
65.066659 2177331
65.078587 2180027
65.085196 2181375
65.085401 2184071
65.085569 2186767
65.085714 2189463
65.090899 2192159
65.091853 2193507
65.094107 2196203
65.097052 2198899
65.107375 2200247
65.107547 2202943
65.108376 2204291
65.110824 2206987
65.111017 2209683
65.111267 2212379
65.11137 2215075
65.111464 2217771
65.111555 2220467
65.111645 2223163
65.112985 2225859
65.116363 2228555
65.116512 2231251
65.117083 2233947
65.132231 2236643
65.132402 2239339
65.133061 2242035
65.134185 2244731
65.134358 2247427
65.134513 2250123
65.134663 2252819
65.134756 2255515
65.134849 2258211
65.134939 2260907
65.13503 2263603
65.13709 2266299
65.13727 2268995
65.137441 2271691
65.137609 2274387
65.137774 2277083
65.137946 2279779
65.164911 2282475
65.165105 2285171
65.16521 2287867
65.165304 2290563
65.165395 2293259
65.165486 2295955
65.165576 2298651
65.165682 2301347
65.169098 2304043
65.169269 2306739
65.202865 2309435
65.203013 2312131
65.203188 2314827
65.203354 2317523
65.204198 2320219
65.20437 2322915
65.204535 2325611
65.204687 2328307
65.204838 2331003
65.204932 2333699
65.205097 2336395
65.205202 2339091
65.205296 2341787
65.205387 2344483
65.205478 2347179
65.205569 2349875
65.205674 2352571
65.205766 2355267
65.205857 2357963
65.205947 2360659
65.206038 2363355
65.206129 2366051
65.206219 2368747
65.208696 2374139
65.20964 2376835
65.209824 2379531
65.209991 2382227
65.210145 2384923
65.210595 2386271
65.210746 2388967
65.210913 2391663
65.21108 2394359
65.216363 2395707
65.216533 2398403
65.216686 2401099
65.217053 2403795
65.217231 2406491
65.251656 2409187
65.251808 2411883
65.252049 2414579
65.252214 2417275
65.25237 2419971
65.254529 2422667
65.254699 2425363
65.25586 2428059
65.25603 2430755
65.257996 2433451
65.258145 2434799
65.258382 2437495
65.261051 2440191
65.261209 2442887
65.261362 2445583
65.261456 2448279
65.261548 2450975
65.261655 2453671
65.261747 2456367
65.262284 2459063
65.262432 2461759
65.262608 2464455
65.265186 2467151
65.265332 2469847
65.26843 2472543
65.268597 2475239
65.271522 2476587
65.271695 2479283
65.271992 2480631
65.273023 2483327
65.273192 2486023
65.274776 2487371
65.276548 2488719
65.283494 2491415
65.283729 2492763
65.284581 2495459
65.284684 2498155
65.285061 2500851
65.285796 2503547
65.288991 2506243
65.295359 2507591
65.295531 2510287
65.296851 2512983
65.299516 2515679
65.299668 2518375
65.299839 2521071
65.299958 2522419
65.300053 2525115
65.302117 2527811
65.302271 2530507
65.305047 2533203
65.308672 2534551
65.30885 2537247
65.309001 2539943
65.312318 2542639
65.31247 2545335
65.312638 2548031
65.313166 2550727
65.318456 2553423
65.318678 2556119
65.318848 2558815
65.318954 2561511
65.319048 2564207
65.320833 2566903
65.321059 2569599
65.321214 2572295
65.321448 2574991
65.32155 2577687
65.321657 2580383
65.321752 2583079
65.321841 2585775
65.321931 2588471
65.322021 2591167
65.322111 2593863
65.322201 2596559
65.322291 2599255
65.322379 2601951
65.322656 2603299
65.322834 2605995
65.327539 2607343
65.328374 2610039
65.328543 2612735
65.328697 2615431
65.328865 2618127
65.329057 2620823
65.329214 2623519
65.329385 2626215
65.331625 2628911
65.332985 2631607
65.337672 2632955
65.337838 2635651
65.337991 2638347
65.338143 2641043
65.338236 2643739
65.338359 2645087
65.33846 2647783
65.338554 2650479
65.338645 2653175
65.340747 2655871
65.340899 2658567
65.341098 2661263
65.341271 2663959
65.353072 2666655
65.353765 2669351
65.353937 2672047
65.35413 2673395
65.356826 2676091
65.357023 2678787
65.357167 2681483
65.357268 2684179
65.357358 2686875
65.360481 2688223
65.360677 2690919
65.360853 2693615
65.361056 2696311
65.363787 2699007
65.36391 2701703
65.364003 2704399
65.364095 2707095
65.364746 2708443
65.364896 2711139
65.365069 2713835
65.365237 2716531
65.367267 2717879
65.367436 2720575
65.367608 2723271
65.367702 2725967
65.36996 2728663
65.370137 2731359
65.370267 2734055
65.371496 2736751
65.371659 2739447
65.375662 2742143
65.375837 2744839
65.376018 2747535
65.376111 2750231
65.376202 2752927
65.376293 2755623
65.376383 2758319
65.376996 2761015
65.379335 2762363
65.379488 2765059
65.37978 2766407
65.382448 2769103
65.382621 2771799
65.384091 2774495
65.392522 2777191
65.39492 2778539
65.396732 2781235
65.417711 2783931
65.421001 2786627
65.424248 2789323
65.424457 2792019
65.424612 2794715
65.424714 2797411
65.424808 2800107
65.424899 2802803
65.425042 2805499
65.425143 2808195
65.425237 2810891
65.425328 2813587
65.425419 2816283
65.42551 2818979
65.425602 2821675
65.425875 2824371
65.429532 2827067
65.430017 2829763
65.433182 2832459
65.433358 2835155
65.433526 2837851
65.434032 2839199
65.434196 2841895
65.436584 2844591
65.436995 2847287
65.445574 2848635
65.447743 2851331
65.450241 2852679
65.452974 2855375
65.453144 2858071
65.453304 2860767
65.453457 2863463
65.453637 2866159
65.457047 2868855
65.457143 2870203
65.460402 2872899
65.460574 2875595
65.460728 2878291
65.460877 2880987
65.461029 2883683
65.461124 2886379
65.461215 2889075
65.465372 2891771
65.466214 2894467
65.467471 2897163
65.467643 2899859
65.467991 2902555
65.468145 2905251
65.468313 2907947
65.468477 2910643
65.468999 2913339
65.469981 2916035
65.470136 2918731
65.472601 2920079
65.484248 2922775
65.484419 2925471
65.484624 2928167
65.484774 2930863
65.484867 2933559
65.484971 2936255
65.485067 2938951
65.485157 2941647
65.490486 2942995
65.490671 2945691
65.492125 2948387
65.492277 2951083
65.494321 2953779
65.494964 2955127
65.497227 2957823
65.498766 2960519
65.50103 2963215
65.501182 2965911
65.50129 2968607
65.504578 2969955
65.507742 2972651
65.507914 2975347
65.508048 2978043
65.508141 2980739
65.508233 2983435
65.508323 2986131
65.509121 2988827
65.509295 2991523
65.509463 2994219
65.509616 2996915
65.512523 2999611
65.512692 3002307
65.513042 3005003
65.513611 3007699
65.513773 3010395
65.513867 3013091
65.514432 3015787
65.514602 3018483
65.520052 3021179
65.520205 3023875
65.520358 3026571
65.520521 3029267
65.520623 3031963
65.520716 3034659
65.558876 3037355
65.559044 3040051
65.559198 3042747
65.559365 3045443
65.559568 3046791
65.559737 3049487
65.559904 3052183
65.560058 3054879
65.560161 3057575
65.560255 3060271
65.560347 3062967
65.560443 3065663
65.560534 3068359
65.560625 3071055
65.560716 3073751
65.560807 3076447
65.560899 3079143
65.560993 3081839
65.561086 3084535
65.564424 3087231
65.564578 3089927
65.564746 3092623
65.564911 3095319
65.565206 3098015
65.565376 3100711
65.565545 3103407
65.56573 3106103
65.565884 3108799
65.566051 3111495
65.566215 3114191
65.566367 3116887
65.566534 3119583
65.566664 3122279
65.566762 3124975
65.566856 3127671
65.566947 3130367
65.567038 3133063
65.567129 3135759
65.567219 3138455
65.567311 3141151
65.567403 3143847
65.567493 3146543
65.567584 3149239
65.575195 3150587
65.575365 3153283
65.575518 3155979
65.575692 3158675
65.577118 3161371
65.577273 3164067
65.577443 3166763
65.606108 3168111
65.607292 3170807
65.609603 3173503
65.609785 3176199
65.609938 3178895
65.610157 3181591
65.610375 3184287
65.610478 3186983
65.610572 3189679
65.612872 3192375
65.61306 3195071
65.613213 3197767
65.616305 3200463
65.616479 3203159
65.616635 3205855
65.617054 3208551
65.61722 3211247
65.617327 3213943
65.628816 3215291
65.631065 3217987
65.631219 3220683
65.631391 3223379
65.631523 3226075
65.631616 3228771
65.632779 3231467
65.632945 3234163
65.633102 3236859
65.633246 3239555
65.641195 3242251
65.642072 3244947
65.644534 3247643
65.644688 3250339
65.645034 3253035
65.645202 3255731
65.648048 3257079
65.660849 3259775
65.66344 3262471
65.663593 3265167
65.663697 3267863
65.663791 3270559
65.664636 3271907
65.664738 3273255
65.664913 3275951
65.665041 3278647
65.667321 3281343
65.667494 3284039
65.667685 3285387
65.667819 3286735
65.667947 3289431
65.669968 3292127
65.670172 3294823
65.67034 3297519
65.670445 3300215
65.673471 3302911
65.673651 3305607
65.677072 3308303
65.689012 3309651
65.689795 3312347
65.689932 3315043
65.693021 3317739
65.693191 3320435
65.707095 3323131
65.707248 3325827
65.707421 3328523
65.707588 3331219
65.707722 3333915
65.709375 3336611
65.709545 3339307
65.70971 3342003
65.709863 3344699
65.709956 3347395
65.710049 3350091
65.71014 3352787
65.713039 3355483
65.713207 3358179
65.713361 3360875
65.718675 3362223
65.718831 3364919
65.718999 3367615
65.719144 3368963
65.719234 3370311
65.72174 3373007
65.721895 3375703
65.722051 3378399
65.722196 3379747
65.722347 3382443
65.724884 3385139
65.725071 3387835
65.725158 3389183
65.725258 3391879
65.729465 3394575
65.729756 3397271
65.731263 3399967
65.731419 3402663
65.732992 3405359
65.733156 3408055
65.745907 3409403
65.746323 3412099
65.74647 3414795
65.74657 3417491
65.748272 3420187
65.760144 3422883
65.760299 3425579
65.760483 3428275
65.763238 3430971
65.764527 3433667
65.764703 3436363
65.764871 3439059
65.765109 3441755
65.765203 3444451
65.765297 3447147
65.765388 3449843
65.765485 3452539
65.765577 3455235
65.765686 3457931
65.765778 3460627
65.765868 3463323
65.765959 3466019
65.766049 3468715
65.76614 3471411
65.768627 3474107
65.768793 3476803
65.768953 3479499
65.76916 3482195
65.773203 3484891
65.773598 3487587
65.773871 3490283
65.774139 3492979
65.774376 3495675
65.774605 3498371
65.77486 3501067
65.775062 3503763
65.776986 3506459
65.777504 3509155
65.777689 3511851
65.779447 3514547
65.779591 3517243
65.779722 3519939
65.779817 3522635
65.786581 3525331
65.786809 3528027
65.787005 3530723
65.789059 3533419
65.789316 3536115
65.808345 3538811
65.808599 3541507
65.808957 3544203
65.809117 3546899
65.809274 3549595
65.812131 3552291
65.812383 3554987
65.812737 3557683
65.812895 3560379
65.815104 3561727
65.815357 3564423
65.815558 3567119
65.81608 3569815
65.817948 3572511
65.818183 3575207
65.821032 3577903
65.823922 3580599
65.824154 3583295
65.824307 3585991
65.824876 3587339
65.8251 3590035
65.827786 3592731
65.827958 3595427
65.828112 3598123
65.828311 3599471
65.828413 3602167
65.831159 3604863
65.831365 3607559
65.831581 3608907
65.831689 3611603
65.833875 3614299
65.834031 3616995
65.834209 3619691
65.840263 3621039
65.840443 3623735
65.840586 3625083
65.840688 3627779
65.843357 3630475
65.843524 3633171
65.843676 3635867
65.844496 3637215
65.846984 3638563
65.84914 3639911
65.849323 3642607
65.853348 3643955
65.855606 3645303
65.855759 3647999
65.855862 3650695
65.861633 3653391
65.868466 3656087
65.868618 3658783
65.868792 3661479
65.870552 3662827
65.870706 3665523
65.873622 3668219
65.873809 3670915
65.873965 3673611
65.874114 3676307
65.877607 3679003
65.877755 3681699
65.881605 3684395
65.887479 3687091
65.897513 3689787
65.8977 3692483
65.897952 3695179
65.898069 3697875
65.902061 3700571
65.902234 3703267
65.902396 3705963
65.90547 3707311
65.905656 3710007
65.905818 3712703
65.905959 3715399
65.906058 3718095
65.906154 3720791
65.906243 3723487
65.906646 3726183
65.906806 3728879
65.907024 3731575
65.907195 3734271
65.907327 3736967
65.90742 3739663
65.907512 3742359
65.907601 3745055
65.907692 3747751
65.908383 3750447
65.910705 3753143
65.910881 3755839
65.911036 3758535
65.917574 3761231
65.943368 3763927
65.943522 3766623
65.943695 3769319
65.943799 3772015
65.943892 3774711
65.943983 3777407
65.944074 3780103
65.947578 3782799
65.947734 3785495
65.947912 3788191
65.948079 3790887
65.948232 3793583
65.9484 3796279
65.980766 3797627
65.98094 3800323
65.982066 3803019
65.98222 3805715
65.982395 3808411
65.982561 3811107
65.982666 3813803
65.982759 3816499
65.98285 3819195
65.98294 3821891
65.983033 3824587
65.983124 3827283
65.983215 3829979
65.983423 3832675
65.983516 3835371
65.983609 3838067
65.983698 3840763
65.983789 3843459
65.98388 3846155
65.983971 3848851
65.984062 3851547
65.994188 3866375
65.995234 3869071
65.995389 3871767
65.995557 3874463
65.995727 3877159
65.995881 3879855
65.99605 3882551
65.996215 3885247
65.996369 3887943
65.997576 3890639
65.997758 3893335
65.997929 3896031
65.998082 3898727
65.99825 3901423
65.998416 3904119
66.008743 3906815
66.009506 3909511
66.009686 3912207
66.009841 3914903
66.01001 3917599
66.017634 3920295
66.01779 3922991
66.017961 3925687
66.022086 3927035
66.022553 3929731
66.023606 3932427
66.028928 3933775
66.029101 3936471
66.029268 3939167
66.029742 3940515
66.029844 3943211
66.034717 3944559
66.034893 3947255
66.035093 3949951
66.0352 3952647
66.036659 3953995
66.03915 3956691
66.039324 3959387
66.039531 3960735
66.039633 3963431
66.039726 3966127
66.039818 3968823
66.039908 3971519
66.045123 3974215
66.045398 3975563
66.047307 3978259
66.049019 3979607
66.060228 3982303
66.060656 3984999
66.060824 3987695
66.067568 3990391
66.069974 3991739
66.070804 3993087
66.073315 3995783
66.07347 3998479
66.074811 4001175
66.074913 4003871
66.07692 4005219
66.077499 4007915
66.082922 4010611
66.083078 4013307
66.083251 4016003
66.083355 4018699
66.083448 4021395
66.083679 4022743
66.083846 4025439
66.083999 4028135
66.084151 4030831
66.086676 4032179
66.087232 4034875
66.089528 4037571
66.08969 4040267
66.090349 4042963
66.090448 4045659
66.090571 4048355
66.090702 4051051
66.090798 4053747
66.096256 4056443
66.096408 4059139
66.097487 4061835
66.097668 4064531
66.099871 4067227
66.100044 4069923
66.100574 4071271
66.100725 4073967
66.102836 4076663
66.103908 4078011
66.106496 4080707
66.113153 4083403
66.113256 4086099
66.115711 4088795
66.115889 4091491
66.11602 4094187
66.116413 4096883
66.116583 4099579
66.118906 4102275
66.119052 4103623
66.119154 4106319
66.119248 4109015
66.12126 4111711
66.121436 4114407
66.121824 4117103
66.121978 4119799
66.124844 4121147
66.124994 4123843
66.125676 4125191
66.131684 4127887
66.131858 4130583
66.132026 4133279
66.13601 4135975
66.136139 4138671
66.138969 4141367
66.139186 4144063
66.139338 4146759
66.141313 4149455
66.14148 4152151
66.141618 4154847
66.142326 4156195
66.142494 4158891
66.145112 4160239
66.145239 4162935
66.145334 4165631
66.145426 4168327
66.145523 4171023
66.148295 4172371
66.148463 4175067
66.148618 4177763
66.148787 4180459
66.151354 4183155
66.151941 4185851
66.1521 4188547
66.152278 4191243
66.155065 4193939
66.155258 4196635
66.156014 4199331
66.156224 4202027
66.15633 4204723
66.156423 4207419
66.157478 4210115
66.15766 4212811
66.157844 4215507
66.160069 4218203
66.1602 4220899
66.167524 4223595
66.167696 4226291
66.172552 4227639
66.172726 4230335
66.17283 4233031
66.173051 4235727
66.173203 4238423
66.17652 4241119
66.176787 4242467
66.177251 4245163
66.17741 4247859
66.179202 4250555
66.179374 4253251
66.179542 4255947
66.179645 4258643
66.179737 4261339
66.179828 4264035
66.179919 4266731
66.180009 4269427
66.1801 4272123
66.180806 4274819
66.186038 4277515
66.186214 4280211
66.186384 4282907
66.186549 4285603
66.187067 4288299
66.187239 4290995
66.187404 4293691
66.189197 4296387
66.189371 4299083
66.189737 4301779
66.192196 4304475
66.192748 4307171
66.192958 4309867
66.193051 4312563
66.196491 4315259
66.196664 4317955
66.196826 4320651
66.197527 4323347
66.197712 4326043
66.199104 4328739
66.19927 4331435
66.199699 4332783
66.199801 4335479
66.202162 4338175
66.202332 4340871
66.202497 4343567
66.202633 4346263
66.202726 4348959
66.207926 4350307
66.208523 4353003
66.208765 4355699
66.211434 4358395
66.211587 4361091
66.212776 4363787
66.214925 4366483
66.215035 4367831
66.215253 4370527
66.215566 4373223
66.215735 4375919
66.216157 4378615
66.224361 4379963
66.224724 4381311
66.226685 4382659
66.22733 4385355
66.233401 4388051
66.239737 4390747
66.240358 4393443
66.24072 4394791
66.246677 4397487
66.246973 4400183
66.247128 4402879
66.25012 4405575
66.250288 4408271
66.250454 4409619
66.250564 4412315
66.250656 4415011
66.250747 4417707
66.252753 4420403
66.253084 4423099
66.253455 4424447
66.255634 4425795
66.256481 4428491
66.258831 4431187
66.25905 4433883
66.259204 4436579
66.259357 4439275
66.259451 4441971
66.272022 4444667
66.272501 4447363
66.278172 4450059
66.278788 4452755
66.278983 4455451
66.279158 4458147
66.279262 4460843
66.279356 4463539
66.279447 4466235
66.279538 4468931
66.27963 4471627
66.282825 4472975
66.285214 4475671
66.28534 4477019
66.287512 4479715
66.288063 4482411
66.288231 4485107
66.288388 4487803
66.288531 4490499
66.289782 4491847
66.292014 4494543
66.292167 4497239
66.294143 4499935
66.294574 4502631
66.294726 4505327
66.29581 4508023
66.300125 4509371
66.30379 4512067
66.306901 4514763
66.307069 4517459
66.307176 4520155
66.313209 4521503
66.334005 4522851
66.33418 4525547
66.334335 4528243
66.334503 4530939
66.334637 4533635
66.33473 4536331
66.334823 4539027
66.334914 4541723
66.335006 4544419
66.335097 4547115
66.335191 4549811
66.335281 4552507
66.337738 4555203
66.337913 4557899
66.338082 4560595
66.338236 4563291
66.338409 4565987
66.338576 4568683
66.338735 4571379
66.345587 4574075
66.345773 4576771
66.345945 4579467
66.346051 4582163
66.346144 4584859
66.346372 4586207
66.346548 4588903
66.346714 4591599
66.352296 4594295
66.352502 4596991
66.352671 4599687
66.352778 4602383
66.352872 4605079
66.352982 4607775
66.353079 4610471
66.357561 4613167
66.357751 4615863
66.357921 4618559
66.377586 4621255
66.377793 4623951
66.379926 4626647
66.382206 4629343
66.382358 4632039
66.384139 4634735
66.38431 4637431
66.384417 4640127
66.384512 4642823
66.384604 4645519
66.387566 4648215
66.387746 4650911
66.390119 4653607
66.390287 4656303
66.395224 4658999
66.396915 4661695
66.397725 4663043
66.397878 4665739
66.397972 4668435
66.398065 4671131
66.401244 4672479
66.401412 4675175
66.40439 4677871
66.407029 4680567
66.41003 4683263
66.410186 4685959
66.410347 4687307
66.410452 4690003
66.410546 4692699
66.41321 4695395
66.413447 4698091
66.413601 4700787
66.416678 4703483
66.417598 4706179
66.420506 4708875
66.42306 4710223
66.424496 4712919
66.426225 4714267
66.428899 4716963
66.429052 4719659
66.429224 4722355
66.42959 4725051
66.429754 4727747
66.429858 4730443
66.432249 4733139
66.432403 4735835
66.432635 4738531
66.432739 4741227
66.435027 4743923
66.435185 4746619
66.435975 4747967
66.437938 4750663
66.438659 4753359
66.438826 4756055
66.444078 4758751
66.444627 4761447
66.444779 4764143
66.447533 4766839
66.450719 4768187
66.451464 4770883
66.451664 4773579
66.451822 4776275
66.452135 4778971
66.452291 4780319
66.454389 4783015
66.454565 4785711
66.455039 4788407
66.455257 4791103
66.455355 4793799
66.457922 4796495
66.458219 4799191
66.458388 4801887
66.458532 4803235
66.45873 4805931
66.460927 4808627
66.461063 4811323
66.462087 4814019
66.462256 4816715
66.464822 4818063
66.464996 4820759
66.465096 4823455
66.465205 4826151
66.465295 4828847
66.465386 4831543
66.465684 4834239
66.469029 4836935
66.469201 4839631
66.483368 4842327
66.483553 4845023
66.483722 4847719
66.484615 4849067
66.484787 4851763
66.487234 4854459
66.487392 4857155
66.487486 4859851
66.48758 4862547
66.490853 4863895
66.49102 4866591
66.49118 4869287
66.493638 4871983
66.493822 4874679
66.49393 4877375
66.498048 4878723
66.498206 4881419
66.500648 4882767
66.500783 4885463
66.500878 4888159
66.503629 4890855
66.503802 4893551
66.503957 4896247
66.504129 4898943
66.506088 4901639
66.508383 4904335
66.50854 4907031
66.510221 4908379
66.510377 4911075
66.514047 4913771
66.514229 4916467
66.514385 4919163
66.514537 4921859
66.514631 4924555
66.514725 4927251
66.514817 4929947
66.514908 4932643
66.515003 4935339
66.515094 4938035
66.515185 4940731
66.517837 4943427
66.518028 4946123
66.518203 4948819
66.518371 4951515
66.518525 4954211
66.518694 4956907
66.518861 4959603
66.525398 4962299
66.52558 4964995
66.525907 4967691
66.526086 4970387
66.526245 4973083
66.526396 4975779
66.526583 4978475
66.526685 4981171
66.526779 4983867
66.526869 4986563
66.526963 4989259
66.527055 4991955
66.527147 4994651
66.54338 4995999
66.546552 4997347
66.546708 5000043
66.547875 5001391
66.550022 5002739
66.550918 5004087
66.553021 5006783
66.553348 5009479
66.553518 5012175
66.554281 5013523
66.556458 5016219
66.557027 5018915
66.557753 5021611
66.559567 5024307
66.559741 5027003
66.560049 5029699
66.562824 5032395
66.563151 5035091
66.563295 5037787
66.565065 5040483
66.565244 5043179
66.576149 5045875
66.576306 5048571
66.576483 5051267
66.576586 5053963
66.576681 5056659
66.576773 5059355
66.577111 5062051
66.577271 5064747
66.582273 5066095
66.582424 5068791
66.582601 5071487
66.58289 5074183
66.585248 5076879
66.585402 5079575
66.58901 5082271
66.598543 5084967
66.598686 5087663
66.601095 5090359
66.60443 5091707
66.60466 5094403
66.604981 5097099
66.608384 5098447
66.608548 5101143
66.608643 5103839
66.608812 5106535
66.608907 5109231
66.612961 5111927
66.613228 5114623
66.613386 5117319
66.613557 5120015
66.61374 5122711
66.613894 5125407
66.614064 5128103
66.61423 5130799
66.614382 5133495
66.614548 5136191
66.614717 5138887
66.61487 5141583
66.615021 5144279
66.615115 5146975
66.615478 5148323
66.615651 5151019
66.615785 5153715
66.617947 5156411
66.618122 5159107
66.618258 5160455
66.620343 5163151
66.62051 5165847
66.620646 5168543
66.621069 5171239
66.623112 5173935
66.623288 5176631
66.624897 5177979
66.63345 5180675
66.633598 5183371
66.634316 5186067
66.63627 5188763
66.636397 5191459
66.637079 5194155
66.642485 5195503
66.643869 5198199
66.646227 5200895
66.646394 5203591
66.646531 5206287
66.646898 5207635
66.64887 5208983
66.649064 5211679
66.649199 5214375
66.649293 5217071
66.649385 5219767
66.653104 5221115
66.653285 5223811
66.653454 5226507
66.653591 5227855
66.655878 5230551
66.656032 5233247
66.657082 5235943
66.660313 5238639
66.660479 5241335
66.660699 5244031
66.6608 5246727
66.660897 5249423
66.662723 5252119
66.663292 5254815
66.66351 5257511
66.66366 5260207
66.669069 5262903
66.669244 5265599
66.669376 5268295
66.669526 5270991
66.66962 5273687
66.669728 5276383
66.669819 5279079
66.669972 5281775
66.673399 5284471
66.683183 5285819
66.683365 5288515
66.68353 5291211
66.683685 5293907
66.685272 5296603
66.685446 5299299
66.685599 5301995
66.716427 5303343
66.717948 5304691
66.718208 5307387
66.718358 5310083
66.718522 5312779
66.718669 5315475
66.718763 5318171
66.718855 5320867
66.718947 5323563
66.719039 5326259
66.71913 5328955
66.719221 5331651
66.719332 5334347
66.719424 5337043
66.719517 5339739
66.719607 5342435
66.721095 5345131
66.72125 5347827
66.721479 5350523
66.721658 5353219
66.722169 5355915
66.722344 5358611
66.722517 5361307
66.722673 5364003
66.723764 5365351
66.723915 5368047
66.726697 5370743
66.726866 5373439
66.727105 5376135
66.727259 5378831
66.727433 5381527
66.727565 5384223
66.72766 5386919
66.735882 5389615
66.73607 5392311
66.736228 5395007
66.736639 5397703
66.736805 5400399
66.73945 5403095
66.739602 5405791
66.739914 5407139
66.740068 5409835
66.742306 5412531
66.74318 5413879
66.745667 5416575
66.748999 5419271
66.758233 5421967
66.76866 5423315
66.768898 5424663
66.769101 5427359
66.769269 5430055
66.769369 5432751
66.772261 5435447
66.772423 5438143
66.77304 5440839
66.773267 5442187
66.775736 5444883
66.776974 5447579
66.777651 5450275
66.777819 5452971
66.779582 5455667
66.779756 5458363
66.782548 5461059
66.782704 5463755
66.784631 5466451
66.78692 5469147
66.787098 5471843
66.787758 5473191
66.790257 5475887
66.790385 5478583
66.791985 5479931
66.792139 5481279
66.795898 5482627
66.796995 5485323
66.799266 5488019
66.799405 5490715
66.800814 5493411
66.803044 5496107
66.80321 5498803
66.804226 5500151
66.809658 5501499
66.809813 5504195
66.809965 5506891
66.810548 5509587
66.810702 5512283
66.810857 5514979
66.812994 5517675
66.813155 5520371
66.813329 5521719
66.816607 5524415
66.816841 5525763
66.822985 5528459
66.823169 5531155
66.823406 5532503
66.823514 5535199
66.823609 5537895
66.8237 5540591
66.823791 5543287
66.826205 5545983
66.826422 5547331
66.826594 5550027
66.829311 5552723
66.829646 5555419
66.829751 5558115
66.832041 5560811
66.83222 5563507
66.832811 5566203
66.835439 5568899
66.835609 5571595
66.83577 5574291
66.836198 5575639
66.8363 5578335
66.838618 5581031
66.838787 5583727
66.839461 5586423
66.841809 5589119
66.841982 5591815
66.842101 5594511
66.842419 5595859
66.844435 5598555
66.84491 5601251
66.845094 5603947
66.845188 5606643
66.848169 5609339
66.848315 5612035
66.848989 5614731
66.856343 5617427
66.856786 5620123
66.856945 5622819
66.857112 5625515
66.861633 5628211
66.861804 5630907
66.86198 5633603
66.86216 5636299
66.862418 5638995
66.862516 5641691
66.86261 5644387
66.862701 5647083
66.866475 5649779
66.866655 5652475
66.866823 5655171
66.868672 5657867
66.868847 5660563
66.871018 5663259
66.871319 5665955
66.871527 5668651
66.871791 5669999
66.871939 5672695
66.873848 5675391
66.874014 5678087
66.874746 5679435
66.876818 5682131
66.877031 5684827
66.877133 5687523
66.877226 5690219
66.877318 5692915
66.877421 5695611
66.877613 5698307
66.88777 5699655
66.887947 5702351
66.888113 5705047
66.888261 5707743
66.889379 5710439
66.889579 5713135
66.889748 5715831
66.889953 5718527
66.893714 5721223
66.893895 5723919
66.894048 5726615
66.89415 5729311
66.894247 5732007
66.89707 5734703
66.89725 5737399
66.899422 5738747
66.899601 5741443
66.899758 5744139
66.900402 5745487
66.900504 5748183
66.90294 5750879
66.903095 5753575
66.903264 5756271
66.904546 5757619
66.904702 5760315
66.907822 5763011
66.907968 5765707
66.909005 5768403
66.909174 5771099
66.911757 5772447
66.912715 5775143
66.912824 5777839
66.912922 5780535
66.913058 5781883
66.913159 5784579
66.913253 5787275
66.913343 5789971
66.915916 5792667
66.916084 5795363
66.917023 5798059
66.917353 5800755
66.919654 5803451
66.919828 5806147
66.920021 5808843
66.92157 5811539
66.921816 5814235
66.923222 5816931
66.923326 5819627
66.934586 5820975
66.940713 5822323
66.943022 5825019
66.961321 5827715
66.961498 5830411
66.961666 5833107
66.96184 5835803
66.961944 5838499
66.962037 5841195
66.962128 5843891
66.962219 5846587
66.962308 5849283
66.96507 5851979
66.965246 5854675
66.965415 5857371
66.965569 5860067
66.965754 5862763
66.965921 5865459
66.966074 5868155
66.966241 5870851
66.969661 5873547
66.96991 5876243
66.970034 5878939
66.972837 5880287
66.973032 5882983
66.973192 5885679
66.976656 5888375
66.976863 5891071
66.97708 5893767
66.979734 5895115
66.979909 5897811
66.981093 5900507
66.983838 5903203
66.98399 5905899
66.985016 5908595
66.985383 5911291
66.985534 5913987
66.989021 5916683
66.995265 5919379
66.995989 5922075
66.996129 5924771
66.997129 5926119
66.999656 5928815
67.000983 5931511
67.004763 5932859
67.004979 5935555
67.007795 5938251
67.00869 5940947
67.012233 5943643
67.012448 5946339
67.012595 5947687
67.012692 5950383
67.013747 5953079
67.013898 5955775
67.016134 5958471
67.018379 5959819
67.018532 5962515
67.018935 5963863
67.021139 5966559
67.021939 5969255
67.022109 5971951
67.022245 5974647
67.025113 5975995
67.025318 5977343
67.02542 5980039
67.028848 5981387
67.029092 5984083
67.029259 5986779
67.029365 5989475
67.029474 5992171
67.029565 5994867
67.031145 5997563
67.03131 5998911
67.031697 6001607
67.040484 6004303
67.040663 6006999
67.040822 6009695
67.041059 6012391
67.041164 6015087
67.041258 6017783
67.046012 6020479
67.049024 6023175
67.072288 6025871
67.0725 6028567
67.072771 6031263
67.072947 6033959
67.073219 6036655
67.073388 6039351
67.073554 6042047
67.073746 6044743
67.073919 6047439
67.074094 6050135
67.07427 6052831
67.074459 6055527
67.074634 6058223
67.074812 6060919
67.085126 6062267
67.08537 6064963
67.08566 6067659
67.085876 6070355
67.086135 6073051
67.086391 6075747
67.086616 6078443
67.08686 6081139
67.08711 6083835
67.087349 6086531
67.087604 6089227
67.087872 6091923
67.089114 6094619
67.089348 6095967
67.089604 6098663
67.089866 6101359
67.09014 6104055
67.090403 6106751
67.09064 6109447
67.093527 6112143
67.093807 6114839
67.094022 6117535
67.094195 6120231
67.097163 6122927
67.097394 6125623
67.113936 6126971
67.114184 6129667
67.114404 6131015
67.11464 6133711
67.114865 6136407
67.115032 6139103
67.11521 6141799
67.115391 6144495
67.117598 6147191
67.118209 6148539
67.118532 6151235
67.118771 6153931
67.119012 6156627
67.121795 6159323
67.122062 6162019
67.124356 6164715
67.124545 6167411
67.127097 6170107
67.127427 6172803
67.127638 6175499
67.127886 6178195
67.12814 6180891
67.128306 6183587
67.128486 6186283
67.128657 6188979
67.133147 6191675
67.133386 6194371
67.136729 6195719
67.139672 6198415
67.139908 6201111
67.140152 6203807
67.14041 6206503
67.141086 6207851
67.141343 6210547
67.143919 6213243
67.14442 6215939
67.144622 6218635
67.144805 6221331
67.145018 6224027
67.145196 6226723
67.158826 6228071
67.161475 6229419
67.162264 6232115
67.162462 6233463
67.16501 6234811
67.167941 6236159
67.168205 6238855
67.168676 6240203
67.168988 6242899
67.171704 6245595
67.172116 6248291
67.17227 6250987
67.172446 6253683
67.174509 6256379
67.17518 6259075
67.17751 6261771
67.185686 6264467
67.188708 6267163
67.188817 6269859
67.189015 6272555
67.18912 6275251
67.190792 6277947
67.190885 6280643
67.190975 6283339
67.191067 6286035
67.193067 6288731
67.193177 6291427
67.19327 6294123
67.19336 6296819
67.2 6298167
67.200142 6300863
67.200237 6303559
67.200329 6306255
67.200418 6308951
67.20051 6311647
67.200601 6314343
67.20069 6317039
67.201124 6318387
67.203542 6321083
67.203696 6323779
67.204608 6325127
67.206907 6327823
67.207061 6330519
67.207229 6333215
67.207328 6334563
67.207428 6337259
67.2095 6339955
67.210193 6342651
67.215659 6343999
67.215828 6346695
67.215981 6349391
67.216886 6352087
67.217037 6354783
67.219668 6357479
67.219881 6360175
67.220016 6362871
67.220111 6365567
67.222896 6368263
67.223077 6370959
67.225102 6373655
67.23287 6375003
67.233092 6377699
67.233227 6380395
67.233321 6383091
67.235744 6385787
67.235893 6388483
67.236053 6389831
67.236182 6392527
67.242186 6393875
67.242499 6395223
67.242665 6396571
67.242768 6399267
67.242885 6401963
67.242999 6404659
67.243127 6407355
67.244866 6410051
67.245057 6412747
67.245212 6415443
67.245398 6418139
67.248347 6420835
67.248514 6423531
67.248712 6426227
67.248877 6427575
67.249017 6430271
67.24916 6432967
67.252296 6435663
67.252442 6438359
67.252613 6441055
67.252717 6443751
67.253128 6446447
67.253279 6449143
67.260513 6450491
67.260796 6453187
67.260993 6455883
67.265724 6458579
67.26589 6461275
67.267347 6463971
67.267525 6466667
67.267684 6469363
67.267789 6472059
67.267881 6474755
67.26879 6477451
67.268949 6480147
67.269198 6481495
67.26938 6484191
67.269486 6486887
67.271218 6488235
67.27689 6490931
67.283296 6493627
67.284088 6496323
67.284196 6499019
67.284289 6501715
67.284469 6503063
67.284651 6505759
67.287593 6508455
67.28833 6511151
67.288457 6513847
67.300215 6515195
67.305479 6517891
67.305699 6520587
67.305874 6523283
67.306006 6525979
67.306101 6528675
67.306192 6531371
67.306282 6534067
67.306373 6536763
67.309071 6539459
67.311568 6540807
67.311742 6543503
67.311941 6546199
67.312105 6548895
67.312874 6550243
67.316318 6551591
67.316499 6554287
67.316667 6556983
67.316993 6559679
67.318207 6562375
67.318333 6565071
67.31898 6566419
67.321493 6569115
67.322767 6571811
67.325426 6574507
67.325682 6577203
67.328077 6579899
67.328247 6582595
67.328347 6585291
67.328801 6586639
67.328987 6589335
67.331623 6592031
67.331845 6594727
67.334087 6596075
67.335166 6597423
67.337553 6598771
67.337716 6601467
67.338292 6604163
67.340818 6606859
67.341037 6609555
67.341176 6612251
67.343679 6614947
67.343847 6617643
67.344002 6620339
67.345047 6623035
67.34521 6625731
67.358334 6628427
67.358531 6631123
67.358712 6633819
67.358832 6636515
67.35894 6639211
67.360718 6640559
67.360864 6643255
67.361367 6645951
67.361525 6648647
67.361763 6649995
67.363059 6652691
67.363199 6655387
67.363375 6658083
67.36495 6659431
67.365096 6662127
67.369101 6663475
67.369469 6666171
67.369678 6668867
67.369784 6671563
67.369877 6674259
67.372631 6675607
67.373495 6678303
67.373747 6680999
67.373898 6683695
67.373992 6686391
67.376931 6689087
67.377122 6691783
67.377281 6694479
67.379888 6697175
67.380056 6699871
67.380218 6702567
67.38035 6705263
67.380477 6707959
67.382322 6710655
67.382516 6713351
67.383563 6714699
67.383727 6717395
67.385686 6720091
67.386031 6722787
67.386193 6725483
67.388999 6728179
67.398515 6729527
67.398685 6732223
67.401005 6734919
67.405027 6737615
67.405205 6740311
67.405362 6743007
67.405509 6745703
67.405603 6748399
67.40571 6751095
67.40582 6752443
67.405914 6755139
67.406004 6757835
67.406094 6760531
67.409078 6763227
67.409232 6765923
67.4094 6768619
67.409558 6771315
67.41188 6774011
67.412057 6776707
67.412223 6779403
67.412389 6782099
67.41317 6784795
67.41337 6787491
67.41367 6790187
67.414805 6792883
67.414969 6795579
67.417086 6798275
67.443995 6799623
67.444165 6802319
67.444301 6805015
67.444394 6807711
67.444571 6810407
67.444674 6813103
67.44477 6815799
67.44486 6818495
67.444952 6821191
67.445093 6823887
67.445184 6826583
67.445275 6829279
67.445367 6831975
67.445456 6834671
67.445547 6837367
67.45978 6838715
67.459947 6841411
67.460103 6844107
67.460904 6846803
67.461142 6849499
67.461305 6852195
67.461459 6854891
67.461635 6857587
67.46181 6860283
67.461966 6862979
67.462134 6865675
67.462295 6868371
67.462446 6871067
67.462616 6873763
67.462818 6876459
67.46298 6879155
67.463132 6881851
67.463234 6884547
67.463918 6887243
67.468481 6888591
67.468652 6891287
67.46881 6893983
67.469004 6896679
67.469109 6899375
67.469201 6902071
67.47236 6903419
67.473086 6904767
67.475502 6907463
67.477106 6910159
67.481681 6911507
67.481882 6914203
67.481987 6916899
67.482078 6919595
67.491257 6922291
67.491433 6924987
67.49159 6927683
67.491757 6930379
67.493018 6933075
67.493168 6935771
67.505934 6938467
67.506111 6941163
67.506285 6943859
67.506515 6946555
67.506664 6949251
67.506757 6951947
67.506848 6954643
67.506938 6957339
67.507029 6960035
67.507121 6962731
67.508438 6965427
67.511215 6968123
67.513003 6970819
67.516783 6972167
67.517019 6974863
67.517172 6977559
67.517346 6980255
67.517513 6982951
67.517727 6985647
67.520032 6988343
67.520385 6991039
67.520505 6992387
67.520675 6995083
67.523258 6997779
67.523892 7000475
67.527171 7003171
67.527343 7005867
67.52767 7008563
67.529589 7011259
67.536651 7012607
67.536811 7015303
67.537623 7017999
67.540126 7020695
67.540508 7023391
67.542635 7026087
67.542764 7028783
67.543362 7030131
67.545285 7032827
67.545559 7035523
67.545668 7038219
67.549802 7039567
67.549953 7042263
67.550131 7044959
67.550516 7047655
67.550686 7050351
67.550822 7053047
67.551409 7055743
67.551588 7058439
67.552997 7061135
67.555702 7063831
67.555948 7066527
67.556056 7069223
67.556151 7071919
67.556241 7074615
67.559303 7077311
67.559459 7080007
67.561085 7082703
67.567229 7084051
67.567638 7086747
67.568013 7089443
67.56815 7092139
67.568994 7094835
67.571827 7097531
67.571974 7100227
67.57213 7102923
67.57246 7104271
67.57261 7106967
67.576971 7108315
67.577123 7111011
67.577296 7113707
67.577399 7116403
67.580871 7117751
67.581077 7120447
67.584452 7123143
67.584869 7125839
67.587249 7128535
67.587372 7131231
67.588681 7133927
67.588848 7136623
67.591323 7139319
67.59143 7142015
67.593086 7143363
67.595798 7146059
67.595948 7148755
67.596052 7151451
67.596146 7154147
67.597113 7156843
67.597289 7159539
67.599739 7162235
67.59991 7164931
67.600046 7167627
67.601027 7170323
67.601195 7173019
67.606025 7175715
67.606201 7178411
67.607106 7181107
67.609839 7183803
67.610012 7186499
67.610401 7189195
67.610505 7191891
67.610599 7194587
67.61069 7197283
67.61306 7199979
67.613241 7202675
67.613499 7205371
67.613682 7208067
67.613832 7210763
67.615977 7212111
67.616124 7214807
67.616414 7217503
67.616505 7218851
67.616605 7221547
67.616698 7224243
67.619255 7226939
67.619666 7229635
67.619844 7232331
67.619992 7233679
67.625936 7236375
67.626113 7239071
67.626283 7241767
67.626417 7244463
67.626509 7245811
67.626609 7248507
67.629027 7249855
67.629179 7252551
67.62935 7255247
67.629515 7257943
67.629711 7259291
67.629877 7261987
67.629982 7264683
67.632198 7267379
67.632571 7270075
67.63273 7272771
67.632995 7275467
67.635008 7276815
67.635163 7279511
67.636041 7282207
67.638598 7284903
67.638749 7287599
67.640203 7288947
67.642428 7291643
67.642635 7294339
67.642752 7297035
67.645089 7298383
67.645267 7301079
67.645434 7303775
67.648996 7306471
67.651769 7309167
67.651942 7311863
67.652074 7314559
67.652169 7317255
67.653119 7319951
67.653283 7322647
67.657223 7325343
67.657555 7328039
67.657669 7330735
67.657764 7333431
67.658514 7334779
67.660842 7336127
67.661057 7338823
67.661225 7341519
67.661435 7344215
67.661536 7346911
67.661641 7349607
67.661737 7352303
67.661825 7354999
67.676793 7356347
67.711964 7357695
67.713004 7360391
67.716766 7361739
67.716939 7364435
67.717174 7365783
67.717331 7368479
67.717501 7371175
67.717685 7373871
67.717835 7376567
67.718003 7379263
67.718171 7381959
67.718346 7384655
67.718439 7387351
67.718532 7390047
67.718622 7392743
67.718714 7395439
67.718821 7398135
67.71891 7400831
67.719013 7402179
67.719111 7404875
67.719201 7407571
67.719291 7410267
67.719425 7412963
67.719516 7415659
67.719605 7418355
67.722875 7429139
67.723028 7431835
67.725019 7434531
67.725196 7437227
67.725797 7438575
67.728917 7439923
67.730855 7442619
67.731033 7445315
67.731872 7448011
67.732022 7450707
67.734164 7453403
67.734343 7456099
67.737108 7458795
67.763352 7461491
67.770357 7462839
67.770507 7465535
67.770969 7468231
67.77114 7470927
67.772346 7473623
67.7725 7476319
67.772667 7479015
67.773098 7481711
67.773251 7484407
67.776675 7485755
67.777013 7488451
67.786128 7491147
67.786303 7493843
67.786458 7496539
67.789008 7499235
67.789173 7501931
67.789272 7503279
67.798852 7504627
67.79906 7507323
67.799232 7510019
67.799395 7512715
67.799544 7515411
67.799713 7518107
67.79992 7520803
67.800017 7523499
67.800112 7526195
67.800205 7528891
67.800296 7531587
67.800389 7534283
67.80048 7536979
67.800571 7539675
67.800659 7542371
67.800751 7545067
67.800839 7547763
67.804563 7550459
67.811543 7551807
67.812008 7554503
67.817703 7557199
67.818157 7559895
67.818319 7562591
67.820272 7563939
67.821006 7566635
67.827154 7569331
67.827307 7572027
67.82748 7574723
67.827646 7577419
67.827976 7578767
67.828143 7581463
67.828301 7584159
67.830685 7586855
67.830859 7589551
67.833018 7592247
67.833189 7594943
67.842541 7596291
67.843302 7598987
67.843475 7601683
67.843606 7604379
67.8437 7607075
67.845031 7609771
67.845203 7612467
67.849881 7615163
67.850053 7617859
67.850293 7620555
67.850397 7623251
67.850491 7625947
67.850581 7628643
67.855258 7629991
67.855434 7632687
67.8556 7635383
67.856965 7638079
67.857135 7640775
67.859006 7643471
67.859176 7646167
67.859335 7648863
67.85943 7651559
67.859807 7654255
67.860049 7656951
67.860224 7659647
67.862584 7662343
67.862735 7665039
67.86307 7666387
67.863172 7669083
67.865746 7671779
67.865918 7674475
67.86641 7675823
67.86651 7678519
67.869034 7681215
67.869191 7683911
67.869469 7685259
67.872074 7687955
67.872251 7690651
67.872384 7693347
67.872795 7694695
67.874896 7697391
67.875066 7700087
67.876085 7702783
67.877892 7705479
67.878123 7708175
67.878256 7710871
67.881443 7713567
67.882007 7716263
67.882175 7718959
67.882331 7721655
67.882473 7723003
67.885236 7724351
67.8854 7727047
67.885597 7729743
67.885708 7732439
67.88821 7735135
67.888358 7737831
67.88873 7740527
67.8889 7743223
67.891112 7745919
67.891296 7748615
67.891401 7751311
67.891495 7754007
67.892823 7755355
67.89526 7758051
67.895412 7760747
67.89558 7763443
67.895682 7766139
67.896607 7767487
67.896777 7770183
67.896993 7772879
67.90026 7775575
67.900414 7778271
67.900509 7780967
67.901093 7783663
67.907187 7786359
67.907359 7789055
67.907524 7791751
67.909096 7794447
67.912788 7797143
67.912999 7799839
67.91314 7802535
67.913231 7805231
67.913884 7807927
67.916456 7809275
67.916629 7811971
67.916783 7814667
67.917005 7817363
67.917136 7820059
67.923042 7822755
67.923196 7825451
67.923765 7828147
67.923934 7830843
67.92407 7833539
67.924226 7836235
67.924327 7838931
67.924421 7841627
67.926866 7844323
67.927042 7847019
67.927331 7848367
67.9275 7851063
67.929911 7853759
67.930066 7856455
67.93093 7857803
67.933287 7860499
67.93346 7863195
67.933731 7865891
67.942399 7868587
67.943991 7871283
67.948457 7873979
67.952301 7875327
67.952448 7878023
67.952601 7880719
67.953155 7883415
67.961392 7886111
67.961564 7888807
67.962779 7891503
67.962932 7892851
67.963111 7895547
67.965471 7896895
67.965976 7899591
67.967524 7902287
67.967676 7904983
67.968097 7907679
67.971336 7910375
67.971502 7913071
67.972158 7914419
67.974436 7917115
67.976989 7919811
67.980001 7922507
67.981003 7925203
67.984322 7927899
67.984697 7929247
67.984828 7931943
67.98504 7934639
67.987368 7937335
67.990418 7938683
67.99059 7941379
67.99072 7944075
67.991071 7945423
67.991239 7948119
67.993383 7950815
67.993536 7953511
67.997081 7956207
67.999509 7957555
67.999683 7960251
67.999786 7962947
67.999879 7965643
68.001007 7968339
68.001176 7971035
68.006313 7972383
68.006488 7975079
68.006661 7977775
68.008293 7980471
68.008446 7983167
68.011018 7985863
68.011169 7988559
68.012996 7991255
68.017059 7992603
68.02313 7993951
68.023298 7996647
68.023606 7999343
68.023775 8002039
68.026465 8004735
68.027192 8006083
68.029404 8007431
68.032006 8008779
68.033001 8011475
68.037266 8014171
68.037446 8016867
68.037574 8019563
68.037683 8022259
68.037778 8024955
68.037869 8027651
68.040022 8028999
68.040192 8031695
68.04036 8034391
68.042778 8035739
68.042946 8038435
68.0431 8041131
68.043278 8043827
68.049676 8045175
68.049853 8047871
68.049996 8050567
68.050087 8053263
68.050179 8055959
68.050267 8058655
68.05036 8061351
68.05247 8064047
68.053129 8066743
68.055179 8069439
68.055361 8072135
68.055533 8074831
68.056887 8077527
68.058642 8078875
68.058815 8081571
68.059327 8084267
68.059483 8086963
68.066933 8089659
68.067062 8092355
68.067157 8095051
68.06908 8096399
68.069231 8099095
68.071319 8101791
68.073025 8104487
68.073151 8107183
68.076993 8108531
68.077164 8111227
68.077298 8113923
68.077392 8116619
68.077665 8117967
68.077834 8120663
68.08033 8123359
68.080475 8126055
68.081004 8128751
68.081167 8131447
68.086119 8132795
68.086295 8135491
68.086431 8138187
68.086526 8140883
68.086619 8143579
68.088133 8144927
68.088303 8147623
68.090467 8148971
68.090639 8151667
68.09118 8153015
68.091283 8155711
68.09281 8158407
68.093006 8161103
68.09314 8163799
68.097498 8165147
68.097664 8167843
68.097823 8170539
68.09889 8173235
68.099062 8175931
68.099196 8178627
68.09929 8181323
68.100505 8184019
68.100682 8186715
68.100855 8189411
68.101045 8192107
68.101154 8194803
68.103339 8197499
68.103506 8200195
68.10368 8202891
68.103824 8205587
68.110432 8206935
68.110616 8209631
68.110788 8212327
68.11234 8215023
68.112493 8217719
68.112645 8220415
68.112739 8223111
68.113075 8225807
68.12203 8228503
68.122209 8231199
68.122376 8233895
68.122514 8236591
68.122607 8239287
68.122698 8241983
68.125088 8244679
68.12804 8247375
68.128204 8250071
68.129084 8252767
68.155241 8255463
68.155417 8258159
68.155578 8260855
68.155709 8263551
68.155802 8266247
68.155893 8268943
68.155984 8271639
68.156074 8274335
68.156165 8277031
68.156257 8279727
68.156348 8282423
68.156439 8285119
68.156529 8287815
68.156618 8290511
68.156707 8293207
68.157194 8295903
68.157348 8298599
68.157517 8301295
68.157685 8303991
68.157827 8306687
68.157981 8309383
68.158134 8312079
68.158284 8314775
68.158442 8317471
68.158599 8320167
68.158739 8322863
68.158894 8325559
68.162521 8326907
68.162672 8329603
68.162844 8332299
68.163354 8334995
68.163557 8337691
68.163728 8340387
68.163855 8341735
68.163957 8344431
68.164036 8345779
68.164131 8348475
68.164223 8351171
68.164315 8353867
68.164405 8356563
68.164496 8359259
68.164587 8361955
68.164682 8364651
68.164772 8367347
68.168704 8368695
68.169 8371391
68.1698 8374087
68.169952 8376783
68.170123 8379479
68.170284 8382175
68.173017 8384871
68.173191 8387567
68.173306 8388915
68.185279 8391611
68.186914 8392959
68.204643 8394307
68.204817 8397003
68.205077 8399699
68.208568 8401047
68.208738 8403743
68.208964 8406439
68.209138 8409135
68.209303 8411831
68.211828 8414527
68.211999 8417223
68.219843 8419919
68.230539 8421267
68.230714 8423963
68.230881 8426659
68.231049 8429355
68.231228 8432051
68.231324 8434747
68.231418 8437443
68.231509 8440139
68.2316 8442835
68.234481 8444183
68.234659 8446879
68.234827 8449575
68.237118 8452271
68.237336 8454967
68.237552 8457663
68.237733 8460359
68.237887 8463055
68.2402 8465751
68.240367 8468447
68.240944 8469795
68.243035 8471143
68.24321 8473839
68.243873 8476535
68.244003 8479231
68.245838 8480579
68.246002 8483275
68.24726 8484623
68.247391 8487319
68.249913 8490015
68.250087 8492711
68.25027 8495407
68.250369 8498103
68.25225 8500799
68.252781 8503495
68.255775 8504843
68.256698 8507539
68.261928 8510235
68.262488 8512931
68.262647 8515627
68.26274 8518323
68.263344 8519671
68.271332 8521019
68.271714 8523715
68.272269 8526411
68.282352 8529107
68.285396 8530455
68.285567 8533151
68.285718 8535847
68.286359 8538543
68.286558 8541239
68.288706 8542587
68.288856 8545283
68.288949 8547979
68.289071 8549327
68.289162 8552023
68.290907 8554719
68.292817 8556067
68.295543 8558763
68.295698 8561459
68.296985 8564155
68.297152 8566851
68.297306 8569547
68.297641 8572243
68.299481 8574939
68.302217 8576287
68.302388 8578983
68.305065 8581679
68.305203 8584375
68.307521 8585723
68.307672 8588419
68.308645 8589767
68.308747 8592463
68.311179 8595159
68.311374 8597855
68.31151 8600551
68.314444 8601899
68.314618 8604595
68.314997 8605943
68.317357 8608639
68.317494 8611335
68.317589 8614031
68.317696 8616727
68.321096 8619423
68.321272 8622119
68.325693 8623467
68.325867 8626163
68.328178 8627511
68.330416 8630207
68.330592 8632903
68.331018 8634251
68.332843 8636947
68.333226 8639643
68.333384 8642339
68.333488 8645035
68.333582 8647731
68.334038 8647805
