0.000000 0
4.981983 2697
4.98208 5393
4.982173 8089
4.982759 10785
4.982854 13481
5.027667 14829
5.027879 17525
5.029077 20221
5.671005 23968
5.671143 26664
5.671237 29360
5.677045 32056
5.677216 34752
5.677371 37448
5.7258 40144
5.725959 42840
5.728503 44188
5.730638 46884
5.730798 49580
5.731541 50928
15.333766 54715
15.333931 57411
15.337042 60107
15.337218 62803
15.436331 53355
15.436551 56051
15.449109 61443
15.449244 62803
15.847445 64669
15.847538 67365
15.84763 70061
15.84772 72757
15.851671 75453
15.851882 78149
15.852059 79865
16.048476 82561
16.048692 85257
16.048799 87953
16.04889 90649
16.049025 93345
16.049126 96041
16.049217 98737
25.659262 101701
25.659442 104397
25.659613 107093
25.65978 109789
25.659886 112485
25.661104 115181
25.661357 117877
25.661556 120573
25.661773 123269
25.661914 125965
25.72448 127313
25.72471 130009
25.725042 132705
25.725298 135401
25.725525 138097
31.827671 139890
31.827851 141338
31.828024 144034
31.828192 146730
31.828324 147457
110.073074 148805
110.073385 151501
110.073549 154197
110.073704 156893
110.075194 159589
110.075336 160937
110.075492 163633
110.15796 167294
110.158117 169990
110.158371 172686
