0.000000 0
32.2931 2697
32.293257 5393
32.293431 8089
32.2936 10785
32.293796 13481
32.335501 14829
32.336199 17525
32.338761 20221
32.340912 22917
32.341081 25613
32.345188 28309
32.34562 29657
32.349228 32353
32.376409 35049
32.376882 37745
32.380277 40441
32.382965 43137
32.383654 45833
32.386441 48529
32.386646 51225
32.386962 52573
32.387746 55269
32.388981 57965
32.393008 60661
32.402859 62009
32.403041 64705
32.405102 67401
32.418709 68749
32.421006 71445
32.425076 72793
32.425841 75489
32.428557 78185
32.428707 80881
32.428878 83577
32.429067 84925
32.429241 87621
32.430294 90317
32.430846 93013
32.430997 95709
32.432999 98405
32.444087 99753
32.444262 102449
32.445122 105145
32.451427 107841
32.451609 110537
32.453115 113233
32.459801 115929
32.459976 118625
32.461105 121321
32.472766 124017
32.473404 126713
32.477098 129409
32.480359 130757
32.480576 133453
32.480682 136149
32.480776 138845
32.482238 141541
32.482412 144237
32.482579 146933
32.482717 149629
32.48515 152325
32.485319 155021
32.485455 157717
32.491251 160413
32.498132 161761
32.498316 164457
32.498482 167153
32.501108 169849
32.501267 172545
32.504572 173893
32.504732 176589
32.505116 179285
32.514063 181981
32.514216 184677
32.514619 187373
32.514721 190069
32.51931 192765
32.521044 195461
32.523341 198157
32.525012 200853
32.52693 203549
32.5275 206245
32.529235 208941
32.529408 211637
32.530651 212985
32.530754 215681
32.530851 218377
32.533012 221073
32.537133 223769
32.537289 226465
32.537468 229161
32.537655 231857
32.541108 234553
32.541263 237249
32.541357 239945
32.546362 241293
32.546518 242641
32.546663 245337
32.546838 248033
32.549119 250729
32.553024 253425
32.56016 254773
32.560336 257469
32.560497 260165
32.560591 262861
32.561155 264209
32.561334 266905
32.561462 269601
32.561804 272297
32.561977 274993
32.56512 277689
32.568384 279037
32.568559 281733
32.569088 284429
32.57469 285777
32.574867 288473
32.574975 291169
32.57507 293865
32.577189 296561
32.577344 299257
32.577512 301953
32.578826 303301
32.579064 304649
32.579163 307345
32.579255 310041
32.581147 311389
32.581306 314085
32.583604 316781
32.58378 319477
32.583936 322173
32.585144 324869
32.585313 327565
32.587698 330261
32.587875 332957
32.587979 335653
32.589069 338349
32.58925 341045
32.589421 343741
32.59193 345089
32.59209 347785
32.593139 350481
32.59732 353177
32.597559 355873
32.601038 358569
32.607051 361265
32.60723 363961
32.608573 366657
32.60871 369353
32.611723 370701
32.611898 373397
32.613029 376093
32.613205 378789
32.613584 381485
32.615714 384181
32.618006 385529
32.618183 388225
32.618526 390921
32.623856 393617
32.624032 396313
32.624188 399009
32.624291 401705
32.625153 404401
32.625328 407097
32.629837 409793
32.630092 412489
32.630187 415185
32.630281 417881
32.630373 420577
32.630463 423273
32.630554 425969
32.630645 428665
32.63307 430013
32.638625 431361
32.638797 434057
32.638941 436753
32.639103 439449
32.63934 442145
32.639481 444841
32.639641 447537
32.639792 450233
32.639938 452929
32.640093 455625
32.640244 458321
32.64039 461017
32.640486 463713
32.641285 466409
32.641441 469105
32.641593 471801
32.64171 474497
32.642889 475845
32.643064 478541
32.65185 479889
32.652357 482585
32.652528 485281
32.652635 487977
32.652729 490673
32.65282 493369
32.653027 496065
32.653186 498761
32.658228 500109
32.658375 502805
32.658847 505501
32.659015 508197
32.659171 510893
32.659273 513589
32.659365 516285
32.661128 518981
32.661304 521677
32.666414 523025
32.666573 525721
32.666776 528417
32.666906 531113
32.667 533809
32.667097 536505
32.693205 539201
32.695613 540549
32.695823 543245
32.695995 545941
32.69626 548637
32.696415 551333
32.696587 554029
32.696756 556725
32.696912 559421
32.697114 562117
32.69728 564813
32.69745 567509
32.697555 570205
32.697648 572901
32.69776 575597
32.697851 578293
32.697943 580989
32.698033 583685
32.698128 586381
32.699056 589077
32.699221 591773
32.69947 594469
32.706436 597165
32.706613 599861
32.707114 602557
32.707269 605253
32.713467 606601
32.713635 609297
32.713812 611993
32.715877 614689
32.716041 617385
32.716196 620081
32.716347 622777
32.716798 624125
32.716988 626821
32.719633 629517
32.719773 632213
32.719867 634909
32.722678 636257
32.723431 638953
32.726167 640301
32.726415 642997
32.726771 644345
32.726876 647041
32.726971 649737
32.729118 652433
32.733012 655129
32.742405 657825
32.745009 660521
32.749035 663217
32.752273 665913
32.755769 667261
32.755951 669957
32.756095 672653
32.756187 675349
32.757173 678045
32.757332 680741
32.757502 683437
32.75937 684785
32.759524 687481
32.759676 690177
32.75977 692873
32.759864 695569
32.761144 698265
32.761313 700961
32.761467 703657
32.764275 706353
32.764441 709049
32.765159 711745
32.765333 714441
32.773286 717137
32.773465 719833
32.77364 722529
32.774653 725225
32.774781 727921
32.777199 730617
32.77739 731965
32.777519 734661
32.779538 737357
32.779711 740053
32.783089 741401
32.783491 744097
32.783592 746793
32.785097 749489
32.792999 750837
32.793165 753533
32.793343 756229
32.794142 757577
32.796573 760273
32.796752 762969
32.796914 765665
32.797034 768361
32.802949 771057
32.803125 773753
32.803581 776449
32.803755 779145
32.806385 781841
32.806564 784537
32.806671 787233
32.809094 789929
32.809263 792625
32.809463 795321
32.812321 796669
32.812583 799365
32.812755 802061
32.81286 804757
32.81313 807453
32.813306 808801
32.814381 811497
32.814513 814193
32.816109 815541
32.816822 818237
32.817041 820933
32.817146 823629
32.817239 826325
32.81733 829021
32.818548 831717
32.8187 834413
32.819083 837109
32.819259 839805
32.822296 842501
32.822564 845197
32.825678 847893
32.82591 849241
32.826063 851937
32.82616 854633
32.826252 857329
32.826345 860025
32.829373 862721
32.833043 865417
32.833207 868113
32.838007 869461
32.838216 872157
32.838388 874853
32.838522 877549
32.841021 880245
32.852706 882941
32.853559 885637
32.853745 888333
32.85388 891029
32.853973 893725
32.854067 896421
32.854161 899117
32.857258 901813
32.85746 903161
32.857623 904509
32.857788 907205
32.857943 909901
32.86016 912597
32.860332 915293
32.860564 917989
32.860734 920685
32.860838 923381
32.860951 926077
32.86112 928773
32.861214 931469
32.861307 934165
32.861398 936861
32.861489 939557
32.873034 940905
32.873301 943601
32.87347 946297
32.873635 948993
32.873808 951689
32.873973 954385
32.874126 957081
32.874296 959777
32.874464 962473
32.874617 965169
32.876307 967865
32.879422 970561
32.87957 973257
32.88918 975953
32.889457 978649
32.889616 979997
32.889729 982693
32.889823 985389
32.889915 988085
32.890006 990781
32.895571 993477
32.895724 996173
32.89612 997521
32.898443 1000217
32.898677 1002913
32.901044 1005609
32.901229 1008305
32.904467 1009653
32.904719 1012349
32.904889 1015045
32.90508 1017741
32.905254 1020437
32.905359 1023133
32.90841 1025829
32.908592 1028525
32.908763 1031221
32.908895 1032569
32.909053 1035265
32.909153 1037961
32.911954 1042005
32.912101 1044701
32.912276 1047397
32.912448 1048745
32.91261 1051441
32.912715 1054137
32.918155 1055485
32.918334 1058181
32.918499 1060877
32.918644 1063573
32.9188 1064921
32.918906 1067617
32.919 1070313
32.919102 1073009
32.923289 1075705
32.923441 1078401
32.923614 1081097
32.925118 1083793
32.925524 1086489
32.925709 1089185
32.925842 1091881
32.925936 1094577
32.927581 1097273
32.927755 1099969
32.930039 1102665
32.930524 1104013
32.932528 1106709
32.933121 1109405
32.940241 1110753
32.940424 1113449
32.940529 1116145
32.940623 1118841
32.941071 1121537
32.944328 1122885
32.948913 1124233
32.949166 1126929
32.949373 1129625
32.949507 1132321
32.949601 1135017
32.94971 1137713
32.949802 1140409
32.950028 1141757
32.955622 1143105
32.955799 1145801
32.955966 1148497
32.95612 1151193
32.956296 1153889
32.956474 1155237
32.956643 1157933
32.956811 1160629
32.956921 1163325
32.95705 1166021
32.957146 1168717
32.959546 1171413
32.959718 1174109
32.962232 1176805
32.962575 1179501
32.962725 1182197
32.975248 1183545
32.975428 1186241
32.975601 1188937
32.975705 1191633
32.980717 1192981
32.981495 1195677
32.981688 1198373
32.98508 1201069
32.985188 1203765
32.990833 1205113
32.991017 1207809
32.992019 1209157
32.994484 1211853
32.994657 1214549
32.995383 1217245
32.995487 1219941
32.998097 1222637
32.998278 1225333
32.998433 1228029
33.001136 1230725
33.001269 1233421
33.007363 1234769
33.013469 1237465
33.013653 1240161
33.013792 1242857
33.015324 1244205
33.015477 1246901
33.015582 1249597
33.019697 1250945
33.020513 1253641
33.020686 1256337
33.020841 1259033
33.020999 1261729
33.021106 1264425
33.021202 1267121
33.024095 1269817
33.024273 1272513
33.025131 1275209
33.030785 1277905
33.030966 1280601
33.031137 1283297
33.031291 1285993
33.031459 1288689
33.033029 1290037
33.033136 1292733
33.033239 1295429
33.03333 1298125
33.036843 1299473
33.037069 1302169
33.041732 1303517
33.042671 1306213
33.04485 1308909
33.045584 1311605
33.04577 1314301
33.046854 1315649
33.052281 1318345
33.052453 1321041
33.053125 1323737
33.058488 1326433
33.058674 1329129
33.058855 1331825
33.05895 1334521
33.059044 1337217
33.059135 1339913
33.066186 1342609
33.066361 1345305
33.066528 1348001
33.067836 1350697
33.068008 1353393
33.068174 1356089
33.068312 1358785
33.069109 1360133
33.069284 1362829
33.072142 1364177
33.072322 1366873
33.072477 1369569
33.07258 1372265
33.072673 1374961
33.072764 1377657
33.073287 1380353
33.073461 1383049
33.073644 1385745
33.073837 1388441
33.074013 1391137
33.07418 1393833
33.074286 1396529
33.075515 1397877
33.078655 1400573
33.07883 1403269
33.080495 1405965
33.080635 1408661
33.080729 1411357
33.080822 1414053
33.081089 1416749
33.084536 1418097
33.084737 1420793
33.085104 1423489
33.085304 1426185
33.087492 1428881
33.087629 1431577
33.088542 1434273
33.090946 1436969
33.091119 1439665
33.091757 1442361
33.091861 1445057
33.097227 1447753
33.09738 1450449
33.097551 1453145
33.100795 1455841
33.100954 1458537
33.103867 1459885
33.10404 1462581
33.104195 1465277
33.105039 1467973
33.105215 1470669
33.110043 1473365
33.110222 1476061
33.110327 1478757
33.110811 1480105
33.110978 1482801
33.113457 1484149
33.113636 1486845
33.113847 1488193
33.114122 1490889
33.116409 1493585
33.116564 1496281
33.116716 1498977
33.11681 1501673
33.117177 1504369
33.117395 1507065
33.117566 1509761
33.120183 1511109
33.120357 1513805
33.121034 1516501
33.121191 1519197
