0.000000 0
5.036523 2697
5.036677 5393
5.036783 8089
5.037025 10785
5.037203 13481
5.081203 14829
5.081392 15024
5.218081 16372
5.218243 19068
5.218533 21764
5.218673 24460
5.218768 27156
5.218892 29852
5.267371 31200
5.268998 33896
5.269404 36592
5.269843 39288
5.270004 41984
5.291233 43332
5.291467 46028
5.292393 47376
5.315479 51420
5.315656 54116
5.315793 56812
5.317128 59508
5.317298 62204
5.333302 63552
5.333465 66248
5.337043 68944
5.347781 71640
5.348808 74336
5.348986 77032
5.387628 79728
5.387803 82424
5.389511 85120
5.389691 87816
5.389917 90512
5.390078 93208
5.403509 94556
5.404371 97252
5.404507 99948
5.404606 102644
5.405093 103992
5.405244 106688
5.4054 109384
5.430123 110732
5.430278 113428
5.430611 116124
5.430784 118820
5.4397 121516
5.439878 124212
5.439985 126908
5.440331 128256
5.440481 130952
5.462028 133648
5.462211 136344
5.465087 139040
5.467648 141736
5.467828 144432
5.468155 147128
5.474712 149824
5.641805 153016
5.642914 155712
5.643076 158408
5.643245 161104
5.643413 163800
5.643552 166496
5.64365 169192
5.643745 171888
5.643838 174584
5.643919 176492
5.644013 179188
5.6451 181884
5.645281 184580
5.645451 187276
5.645605 189972
5.645795 192668
5.645962 194546
5.717966 195894
5.718147 198590
5.718303 201286
5.718449 202634
5.718736 203982
5.718918 205330
5.719088 207124
15.431667 208472
15.432074 211168
15.432205 213864
15.432299 216560
15.432394 219256
15.433093 221952
15.518458 211168
15.84645 225215
15.846704 227911
15.846876 230607
15.847037 233303
15.847234 235999
15.84735 238695
16.062391 242727
16.06257 245423
16.062726 248119
16.065027 250815
16.065203 253511
16.065358 255575
20.422056 258271
20.422153 260967
20.425067 263663
21.692654 267055
21.692757 269751
21.69285 272447
21.693145 275143
21.693243 277839
22.94724 280684
22.947336 283380
22.947428 286076
22.949036 288772
22.949141 291468
22.949234 293383
25.650717 294731
25.650895 297427
25.65105 300123
25.651197 302819
25.651344 305515
25.651506 308211
25.653204 310907
25.653551 314951
25.653868 317212
