0.000000 0
31.897009 2697
31.897216 5393
31.89735 6994
31.89752 8542
31.901003 11238
31.942769 12586
31.944704 15282
31.944881 17978
31.945016 20674
31.945142 23370
31.947373 26066
31.947525 28762
31.949097 31458
31.987842 32806
31.988997 35502
31.989154 38198
31.989326 40894
31.989496 43590
31.991944 46286
31.992207 48982
31.99303 51678
31.995036 54374
32.003903 57070
32.036108 59766
32.036681 62462
32.037027 65158
32.039695 66506
32.039849 69202
32.039957 71898
32.040274 73246
32.040449 75942
32.042753 78638
32.042924 81334
32.043129 84030
32.043328 85378
32.043432 88074
32.046359 90770
32.04904 93466
32.049173 96162
32.077493 97510
32.077665 100206
32.07919 102902
