0.000000 0
5.044036 2697
5.044195 5393
5.044289 8089
5.045121 10785
5.045277 13481
5.095459 14829
5.095641 17525
5.097064 19778
5.210466 22474
5.21061 25170
5.210707 27866
5.212319 30562
5.212472 33258
5.212645 35954
5.256684 38650
5.256978 41346
5.275885 42694
5.27604 45390
5.276218 48086
5.276321 50782
5.276415 53478
5.276507 56174
5.320405 58870
5.320576 61566
5.321101 64262
5.342998 65610
5.343103 68306
5.343734 71002
5.343954 73698
5.344139 76394
5.344273 77742
5.344367 80438
5.344465 83134
5.344572 85830
5.344717 88526
5.34482 91222
5.390229 95266
5.392284 96614
5.394542 99310
5.395427 102006
5.395604 104702
5.395771 107398
5.395876 110094
5.395971 112790
5.397082 115486
5.397239 118182
5.397414 120878
5.39758 123574
5.399914 124922
5.400091 127618
5.401088 130314
5.434036 133010
5.434211 135706
5.436467 138402
5.436622 141098
5.443121 142446
5.444986 144600
5.656414 147296
5.657322 149992
5.657494 152688
5.657663 155384
5.657816 158080
5.657911 160776
5.658005 163472
5.658096 166168
5.658188 168864
5.661161 170772
5.661339 173468
5.661511 176164
5.661677 178860
5.661848 180871
5.749694 183567
5.749849 186263
5.750009 188959
5.753139 191655
5.753303 193200
15.343873 194548
15.344054 197244
15.344607 199940
15.344748 202636
15.344847 205332
15.345052 208028
15.345206 210724
15.436713 194536
15.436871 197232
15.437062 199928
15.447523 201276
15.447726 203972
15.447884 206668
15.843097 212073
15.843315 214769
15.84361 217465
15.843785 218813
15.923093 229585
15.923269 232281
15.923427 234977
15.923597 237673
15.925041 240369
15.925199 243065
15.925372 245761
16.041235 248910
16.041411 251606
16.041564 254302
16.045005 256998
25.743814 258885
25.744638 260333
25.744785 263029
25.744941 265725
25.745317 267473
25.745462 268921
25.745604 271617
25.745782 274313
25.745946 277009
25.748988 279157
25.782523 280505
25.782784 283201
25.782929 285897
25.790255 287245
25.790561 289941
25.790811 292637
25.791051 295333
25.79116 298029
25.791252 300725
25.792999 302242
31.796661 304938
31.7974 307634
31.797562 310330
31.797772 313026
31.797868 315722
31.797963 318418
31.798055 321114
31.798149 323810
31.801142 326506
31.801298 329202
31.834367 331523
31.834545 334219
31.834651 336915
31.837104 339611
31.837366 342307
31.837611 344415
63.270927 347111
63.271025 349807
63.273093 352490
109.657884 355186
109.658072 357882
109.658178 360578
109.658273 363274
109.658365 365970
109.658458 368666
109.661123 371362
109.661303 374058
109.661477 376754
109.661657 379450
109.661797 381089
109.699416 382437
109.700355 383785
109.702662 386481
109.704148 387829
109.706404 390525
109.706558 393221
109.707756 395917
109.707927 398613
109.708033 401309
109.708128 404005
109.709179 406701
109.709351 409397
109.73493 412093
109.735145 414789
109.735319 417485
109.735475 418833
109.735577 421529
109.73567 424225
109.735762 426921
109.735852 429617
109.738471 432313
110.030769 435373
110.030969 438069
110.031139 440765
110.031295 443461
110.031478 446157
110.033106 448853
110.033261 451549
110.033436 454245
110.03357 456941
110.17195 459738
110.172119 462434
110.172275 465130
110.173175 467826
110.173346 469807
