0.000000 0
7.659932 2697
7.660031 5393
7.660126 8089
7.661105 10785
7.661207 13481
7.709123 14829
7.709237 17525
7.712537 17592
10.094136 20288
10.094239 22984
10.094334 25680
10.097059 28376
10.097173 31072
10.097269 33768
10.140204 35116
10.140986 36581
10.980711 39277
10.98081 41973
10.980904 44669
10.981085 47365
10.98118 50061
10.981271 52757
10.981364 55453
11.033227 56801
11.035108 58685
12.102218 61381
12.102378 64077
12.10249 66773
12.102586 69469
12.105048 72165
12.105224 74861
12.105393 77557
12.105547 80143
13.748141 82839
13.748243 85535
13.748385 88231
13.748481 90927
13.748573 93623
13.748999 95413
15.068388 96761
15.068497 99457
15.068594 102153
15.068686 104849
15.068778 107545
15.068871 110241
15.069151 112937
15.069246 115633
15.069341 118329
15.069433 121025
15.25288 122373
15.253065 125069
15.253239 127765
15.843954 130745
15.844109 132093
15.844283 133441
15.844416 134789
15.844513 136137
15.844606 137485
15.8457 138833
15.845963 141529
15.846192 143922
15.909038 145270
15.909225 147966
15.909395 150662
15.90955 153358
15.909737 156054
15.912724 157402
15.912901 160098
16.028259 163996
16.028541 166692
16.028768 169388
16.029075 172084
