0.000000 0
16.713203 155
17.144026 190
19.44881 1433
19.508865 1482
19.569063 1486
19.725996 1514
19.85022 2700
19.895512 4048
20.209161 4048
20.270044 5380
20.749038 5532
20.883864 5569
21.851885 5596
21.930155 5624
21.995431 5652
22.265462 5678
23.206431 5692
23.267309 5741
23.408389 5759
23.881503 5787
24.181408 5818
24.59372 6182
25.517746 6289
25.845353 6329
26.01503 6370
26.223843 6383
26.455873 6471
26.559992 6508
26.878196 6549
27.362111 6625
27.423712 6664
27.484356 6682
27.54578 6711
28.43023 6729
28.490741 6806
28.552707 6847
29.223208 6864
29.456065 6882
29.559536 6958
29.685519 6998
30.508747 7068
30.595537 7109
31.504436 7179
31.662882 7218
32.228335 7231
32.607096 7308
32.792906 7348
33.260503 7379
33.477579 7418
33.564399 7495
33.759217 7536
34.598077 7612
35.212712 7666
35.527327 7736
35.800289 7777
36.53329 7854
36.892471 7893
37.603595 7969
37.900749 8008
38.23145 8021
38.540259 8099
38.772412 8139
38.999403 8143
39.541339 8221
39.790982 8254
39.921022 8293
40.562411 8370
40.834405 8410
40.895569 8449
41.94149 8645
42.576004 8715
43.00226 8748
43.56864 8826
43.918772 8865
44.050684 8905
44.240244 8918
44.568165 8994
44.971118 9027
45.953384 9060
46.962533 9093
47.238299 9106
47.986891 9147
49.014016 9187
49.372192 9264
50.072833 9305
50.324 9359
50.415591 9435
51.075627 9474
51.236976 9514
51.528836 9584
52.554911 9662
52.725653 9700
52.839484 9740
53.032861 9779
53.230183 9792
53.336256 9833
54.314413 9872
55.356598 9912
55.670685 9988
56.230393 10001
56.383525 10034
56.671696 10111
57.434361 10150
57.63617 10189
57.696793 10265
58.666872 10305
58.731003 10381
58.966177 10385
59.220865 10402
