0.000000 0
10.842933 370
11.633051 377
11.725995 382
11.818708 395
11.827046 3091
11.82728 5787
11.827471 8483
11.827787 11179
11.921644 13875
11.921958 16571
11.930609 17919
11.930809 20615
11.931163 23311
11.934718 26007
11.934917 28703
11.935278 31399
12.020278 33176
35.541695 33189
35.556786 34537
35.557153 37233
35.557428 39929
35.557759 42625
35.557876 45321
35.651059 48017
35.651194 49573
44.931969 49586
44.932304 50934
44.932614 53630
44.933087 56326
44.933192 59022
44.933333 61718
45.041083 63066
45.041456 65762
45.042923 65970
48.015834 65980
48.115951 66033
52.759676 66046
52.760279 68742
52.760501 70090
52.760732 72786
52.760885 75482
52.763639 78178
52.980341 79526
52.980817 82222
52.987262 84918
52.987635 87614
52.988349 90310
52.988566 93006
52.988667 95702
53.15695 98398
