0.000000 0
11.891321 369
12.632043 374
12.75475 387
12.755493 3107
12.755729 5827
12.75587 8547
12.755964 11267
12.87459 13987
12.874703 16707
12.875638 19427
12.877858 22147
12.877962 24867
12.879648 27587
12.895654 31667
12.993187 33027
38.406099 33181
38.406677 35901
38.406849 38621
38.406958 41341
38.40705 44061
38.521706 46781
38.52187 49501
45.033187 49575
45.147439 49634
47.477101 51007
47.477255 53727
47.477431 56447
47.477562 59167
47.479728 61887
47.591108 63247
47.591271 65967
52.775731 66044
52.7763 68764
52.776465 71484
52.776603 74204
52.776697 76924
53.101974 66044
53.145527 79644
53.150306 82364
