0.000000 0
0.556047 2697
1.282261 4900
1.28241 7596
1.282508 10292
1.282606 12988
1.285054 15684
1.330714 18380
1.331161 21076
1.331288 23772
1.331386 26468
1.332961 29164
1.336992 30512
1.337233 33208
1.337425 35904
1.360445 38600
1.360963 41296
1.366809 42644
1.367162 45340
1.367294 48036
1.367401 50732
1.367543 52767
1.367637 55463
1.369396 58159
1.36955 60855
1.382681 62203
1.384967 64899
1.388313 66247
1.388956 68943
1.394228 70291
1.397022 72987
1.398367 75683
1.399368 77031
1.40067 79727
1.400958 82423
1.4011 85119
1.404686 86467
1.404951 89163
1.407732 90511
1.407912 93207
1.408082 95903
1.408237 98599
1.409048 101295
1.411323 102643
1.411481 105339
1.413051 108035
1.420477 109383
1.426372 112079
1.428834 113427
1.430398 116123
1.431367 117471
1.432796 120167
1.433357 122863
1.435444 125559
1.436884 128255
1.439083 130951
1.439249 133647
1.439369 136343
1.439466 139039
1.440961 141735
1.442054 144431
1.443281 147127
1.443452 149823
1.444968 152519
1.44993 153867
1.450634 155215
1.452085 157911
1.457644 159259
1.460573 160607
1.460676 163303
1.460962 165999
1.464364 168695
1.464517 171391
1.465062 174087
1.474379 176783
1.474501 179479
1.475409 182175
1.475802 184871
1.475975 187567
1.476818 190263
1.477061 192959
1.477479 195655
1.479573 198351
1.481109 201047
1.482844 202395
1.484238 205091
1.494199 207787
1.494384 210483
1.49452 213179
1.497077 215875
1.497247 218571
1.503172 221267
1.503618 223963
1.503829 226659
1.503934 229355
1.504029 232051
1.507065 233399
1.508294 236095
1.50964 238791
1.510094 241487
1.510268 244183
1.510451 246879
1.511545 248227
1.513107 250923
1.514582 253619
1.519564 254967
1.520996 256315
1.522272 259011
1.528589 261707
1.528813 264403
1.528957 267099
1.538602 269795
1.538867 272491
1.539037 275187
1.539201 277883
1.550845 280579
1.551008 281927
1.552779 284623
1.552972 287319
1.553073 290015
1.555698 292711
1.55629 295407
1.557686 298103
1.557811 299451
1.558709 300799
1.55967 303495
1.560583 306191
1.562297 308887
1.56246 311583
1.562618 314279
1.563767 316975
1.563942 319671
1.564052 322367
1.564147 325063
1.56895 327759
1.616163 329107
1.616386 331803
1.616628 334499
1.616805 337195
1.617037 339891
1.617142 342587
1.617237 345283
1.617329 347979
1.617403 349405
1.617496 352101
1.617587 354797
1.617699 357493
1.641766 360189
1.641955 362885
1.642113 365581
1.642285 368277
1.642754 369625
1.642928 372321
1.643102 375017
1.643271 377713
1.644536 380409
1.644951 383105
1.650433 384453
1.652953 387149
1.680059 389845
1.680223 392541
1.68041 395237
1.680544 397933
1.680641 400629
1.680736 403325
1.680828 406021
1.681074 408717
1.681182 411413
1.681276 414109
1.681368 416805
1.68146 419501
1.681552 422197
1.681664 424893
1.681756 427589
1.708782 430285
1.709361 432981
1.709532 435677
1.712992 438373
1.713169 441069
1.713337 443765
1.746662 446461
1.747287 449157
1.74746 451853
1.747616 454549
1.749021 457245
1.7492 459941
1.749356 462637
1.749528 465333
1.817847 466681
1.81801 469377
1.81822 472073
1.818512 474769
1.818677 477465
1.818851 480161
1.818986 482857
1.819083 485553
1.819176 488249
1.819268 490945
1.819361 493641
1.81946 495702
1.819544 498398
1.821195 501094
1.821377 503790
1.821543 506486
1.821739 509182
1.821914 511878
1.822068 513455
1.822224 516151
1.822395 518847
1.88612 520195
1.886336 522891
1.886513 525587
1.886649 528283
1.886759 530979
1.88685 533675
1.886944 536371
1.887035 539067
1.887127 541763
1.887217 544459
1.887308 547155
1.889173 549851
1.889343 552547
1.8895 555243
1.889691 557939
1.889861 560635
1.890017 563331
1.890196 566027
1.890374 568723
1.890529 571419
1.890633 574115
1.942301 576811
1.942488 579507
1.942644 582203
1.942815 584899
1.942947 587595
1.943042 590291
1.943136 592987
1.943228 595683
1.943319 598379
1.943411 601075
1.945269 603771
1.94543 606467
1.945616 609163
1.945791 611859
1.945946 614555
1.946117 617251
1.94629 619947
1.94646 622643
1.946568 625339
1.946662 628035
1.976749 630731
1.977012 633427
1.977186 636123
2.026379 637471
2.026559 640167
2.027511 642863
2.027609 645559
2.027697 648255
2.027799 650951
2.027889 653647
2.027982 656343
2.028071 659039
2.028167 661735
2.028256 664431
2.029187 667127
2.029362 669823
2.029517 672519
2.029636 675215
2.029732 677911
2.029823 680607
2.029914 683303
2.041123 685999
2.041294 688695
2.044969 691391
2.045148 694087
2.089873 696783
2.090422 699479
2.090596 702175
2.090728 704871
2.091217 707567
2.091385 710263
2.091543 712959
2.091649 715655
2.091742 718351
2.091835 721047
2.091926 723743
2.092018 726439
2.09314 729135
2.093312 731831
2.093466 734527
2.093648 737223
2.093818 739919
2.093973 742615
2.094143 745311
2.094309 748007
2.094444 750703
2.094538 753399
2.140946 756095
2.141135 757443
2.141292 765531
2.141464 766879
2.141651 768227
2.141754 769575
2.141848 772271
2.141941 774967
2.142032 777663
2.142123 780359
2.142214 783055
2.142305 785751
2.145151 788447
2.145337 791143
2.145504 793839
2.14567 796535
2.145842 799231
2.146009 801927
2.146162 804623
2.146331 807319
2.168621 757443
2.168775 760139
2.168935 810015
2.170009 812711
2.173141 814059
2.174385 815407
2.176958 818103
2.200936 819451
2.201117 822147
2.205093 824843
2.227325 827539
2.227503 830235
2.229 832931
2.229168 835627
2.22927 838323
2.258665 839671
2.258914 842367
2.259088 845063
2.259219 847759
2.28718 850455
2.287282 853151
2.288996 855847
2.289168 858543
2.28934 861239
2.316386 862587
2.316557 865283
2.316693 867979
2.317072 870675
2.31724 873371
2.350044 876067
2.350139 878763
2.350232 881459
2.352978 884155
2.35315 886851
2.383919 889547
2.384091 892243
2.384244 894939
2.385057 897635
2.385189 900331
2.444402 903027
2.444586 905723
2.444681 908419
2.524355 911115
2.781317 911307
