6.21132 0
6.211416 2697
6.211543 4045
6.211616 5393
6.21171 6741
6.211789 8089
6.213038 9173
6.213155 10521
6.213234 11869
6.213291 13217
6.213336 13481
6.238265 14829
6.238363 16177
6.238557 17525
6.238673 18873
6.238727 20221
6.238775 21569
6.238842 22917
6.238889 24265
6.238937 25613
6.240523 26961
6.256415 28309
6.258563 29657
6.25867 31005
6.258935 32353
6.260383 33701
6.260477 35049
6.260584 36397
6.26068 37745
6.260769 39093
6.260829 40441
6.262765 41789
6.286558 43137
6.286723 44485
6.286779 45833
6.28686 47181
6.286905 48529
6.287596 49877
6.288405 51225
6.288944 52573
6.289037 53921
6.289143 55269
6.289221 56617
6.305083 57965
6.305196 59313
6.307152 60661
6.307229 62009
6.308203 63357
6.308297 64705
6.308378 66053
6.308454 67401
6.308578 68749
6.308634 70097
6.308682 71445
6.309171 72793
6.322674 74141
6.323732 75489
6.34765 76837
6.347732 78185
6.347833 79533
6.347915 80881
6.347968 82229
6.348016 83577
6.348062 84925
6.348107 86273
6.349189 87621
6.349265 88969
6.349341 90317
6.36711 91665
6.367196 93013
6.368334 94361
6.368469 95709
6.368554 97057
6.36873 98405
6.370739 99753
6.370816 101101
6.370913 102449
6.370995 103797
6.371619 105145
6.371711 106493
6.371771 107841
6.387767 109189
6.390135 110537
6.390215 111885
6.390292 113233
6.390553 114581
6.392885 115929
6.39296 117277
6.393161 118625
6.394022 119973
6.394119 121321
6.394179 122669
6.394227 124017
6.39718 125365
6.39726 126713
6.410829 128061
6.412343 129409
6.412419 130757
6.412496 132105
6.413034 133453
6.415053 134801
6.41513 136149
6.415232 137497
6.415293 138845
6.415341 140193
6.415679 141541
6.415756 142889
6.415832 144237
6.415928 145585
