4.87051 0
4.870653 2697
4.870733 4045
4.870812 5393
4.870906 6741
4.870985 8089
4.871061 9437
4.871153 10785
4.871232 12133
4.871325 13481
4.87318 13482
4.904654 14830
4.904736 16178
4.904845 17526
4.905185 18874
4.905485 20222
4.90558 21570
4.905641 22918
4.905689 24266
4.906206 25614
4.906282 26962
4.906388 28310
4.906469 29658
4.906757 31006
4.90685 32354
4.90693 33702
4.906986 35050
4.907034 36398
4.907081 37746
4.909187 37747
4.924428 39095
4.924886 40443
4.924962 41791
4.925038 43139
4.925171 44487
4.925249 45835
