4.5807 0
4.580758 2697
4.580806 4045
4.580854 5393
4.5809 6741
4.580946 8089
4.580991 9437
4.581036 10785
4.581245 12133
4.581302 13481
4.581345 13482
4.601305 14830
4.601367 16178
4.601416 17526
4.601714 18874
4.601771 20222
4.601846 21570
4.601896 22918
4.602175 24266
4.602232 25614
4.602282 26962
4.605193 28310
4.60525 29658
4.605299 31006
4.605349 32354
4.605394 33702
4.605442 35050
4.605486 36398
4.605534 37746
4.605579 39094
4.609219 40442
4.609273 40444
4.620533 41792
4.621193 43140
4.621687 44488
4.621743 45836
4.621791 47184
4.621853 48532
4.622124 49880
4.6222 51228
4.62226 52576
4.622308 53924
4.624416 55272
4.624511 56620
4.624652 57968
4.624727 59316
4.625469 60664
4.625553 62012
4.625831 63360
4.625894 64708
4.626189 66056
4.626516 67404
4.626991 68752
4.627066 70100
4.628174 71448
4.628325 72796
4.628408 74144
4.628481 75492
4.628553 76840
4.628624 78188
4.628753 79536
4.630673 80884
4.630756 82232
4.630855 83580
4.630936 84928
4.63104 86276
4.631135 87624
4.640825 88972
4.640937 88976
4.658894 90324
4.658973 91672
4.659058 93020
4.659204 94368
4.659281 95716
4.659353 97064
4.659741 98412
4.659908 99760
4.659982 101108
4.660115 102456
4.660191 103804
4.660328 105152
4.660404 106500
4.660461 107848
4.660508 109196
4.660555 110544
4.660603 111892
4.660648 113240
4.660739 114588
4.660786 115936
4.660831 117284
4.660875 118632
4.660919 119980
4.660973 121328
4.661525 122676
4.66305 124024
4.663299 125372
4.663474 126720
4.663576 128068
4.66382 129416
4.663937 130764
4.666473 132112
4.666557 133460
4.666636 134808
4.666734 136156
4.666814 137504
4.66689 138852
4.666983 140200
4.667062 141548
4.667138 142896
4.667231 144244
4.667309 145592
4.667386 146940
4.667442 148288
4.669261 149636
4.669342 150984
4.669445 152332
4.669526 153680
4.669597 155028
4.669649 156376
4.669697 157724
4.669741 157732
4.67725 159080
4.677348 160428
4.677432 161776
4.681183 162680
4.6854 164028
4.68919 164048
4.720864 165396
4.720978 166744
4.721097 168092
4.721266 169440
4.721349 170788
4.721426 172136
4.721506 173484
4.721574 173872
4.800693 175220
4.800812 175248
