5.05555 0
5.05565 2697
5.055733 4045
5.055908 5393
5.056064 6741
5.057312 8089
5.057445 9437
5.057493 10785
5.057541 12133
5.057588 13481
5.05763 13482
5.080156 14830
5.080235 16178
5.080339 17526
5.081169 18874
5.08126 20222
5.081647 21570
5.081848 22918
5.08194 24266
5.082021 25614
5.083118 26962
5.08321 28310
5.083706 29658
5.083781 31006
5.083978 32354
5.084053 33702
5.084111 35050
5.084158 36398
5.085225 37746
5.0853 39094
5.08539 39096
5.111553 40444
5.11315 41792
5.16668 43140
5.166739 44488
5.167463 45836
5.167521 47184
5.167568 48532
5.167616 49880
5.167664 51228
5.167709 52576
5.167756 53924
5.167801 55272
5.167849 56620
5.168104 57968
5.168198 59316
5.168251 60664
5.168298 62012
5.168345 63360
5.168392 64708
5.168439 66056
5.168531 67404
5.168623 68752
5.16902 70100
5.169067 71448
5.169112 72796
5.169188 74144
5.169234 75492
5.169281 76840
5.169325 78188
5.169372 79536
5.169417 80884
5.169461 80886
5.213158 82234
5.213239 83582
5.213339 84930
5.213418 86278
5.213493 87626
5.213585 88974
5.213931 90322
5.214007 91670
5.214097 93018
5.214178 94366
5.21425 95714
5.215065 97062
5.215142 98410
5.217815 99758
5.217891 101106
5.217979 102454
5.218139 103802
5.218217 105150
5.218293 106498
5.218384 107846
5.218463 109194
5.218541 110542
5.218632 111890
5.222046 113238
5.222143 114586
5.222319 115934
5.222394 117282
5.22249 118630
5.222574 119978
5.22265 121326
5.222707 122674
5.222754 124022
5.222801 125370
5.222848 126718
5.222896 128066
5.222942 129414
5.222987 130762
5.223033 132110
5.223078 133458
5.223124 134806
5.223166 134808
5.264216 136156
5.264293 137504
5.265192 138852
5.265268 140200
5.272032 141548
5.272108 142896
5.272199 144244
5.273633 145592
5.273711 146940
5.273805 148288
5.273896 149636
5.274048 150984
5.274124 152332
5.274199 153680
5.274291 155028
5.27449 156376
5.27457 157724
5.274667 159072
5.274745 160420
5.27482 161768
5.274916 163116
5.274997 164464
5.275075 165812
5.275131 167160
5.275178 168508
5.275224 169856
5.27527 171204
5.275315 172552
5.275361 173900
5.275406 175248
5.275452 176596
5.275545 177944
5.275643 111890
5.275688 117282
5.275732 121326
5.275778 122674
5.275824 124022
5.275868 125370
5.275915 126718
5.27596 128066
5.276004 132110
5.276829 133458
5.276922 134806
5.277002 179292
5.279274 180640
5.281177 181988
5.31572 159072
5.315792 183336
5.316051 184684
5.316126 186032
5.31722 187380
5.370473 188728
5.429598 190076
5.429677 191424
5.449949 192772
5.450025 194120
5.450105 195468
5.453177 196816
5.503235 198164
5.503311 199512
5.503406 200860
5.505171 202208
5.522117 203556
5.523681 204904
5.525198 206252
5.528541 207600
5.52916 208948
5.543544 210296
5.544927 211644
5.54498 212992
5.54519 214340
5.547419 215688
5.54916 217036
5.572168 218384
5.572245 219732
5.572316 221080
5.572374 222428
5.573206 223776
5.573281 225124
5.594212 226472
5.594292 227820
5.594368 229168
5.594425 230516
5.597219 231864
5.597295 233212
5.597389 234560
5.623302 235908
5.625173 237256
5.630472 238604
5.630549 239952
5.633237 241300
5.633314 242648
5.64271 243996
5.645184 245344
5.64941 246692
5.64952 248040
5.650099 249388
5.652687 250736
5.653179 252084
5.671438 253432
5.673196 254780
5.673823 256128
5.673967 257476
5.674055 258824
5.674142 260172
5.677217 261520
5.677341 262868
5.692198 264216
5.692319 265564
5.692662 266912
