5.91388 0
5.913959 2697
5.914058 4045
5.914138 5393
5.914209 6741
5.914296 8089
5.917204 9437
5.917277 10785
5.917366 12133
5.917444 13481
5.932825 14829
5.933183 16177
5.938331 17525
5.938428 18873
5.938507 20221
5.938578 21569
5.939005 22917
5.93908 24265
5.939151 25613
5.939208 26961
5.951001 28309
5.951473 29657
5.951573 31005
5.958464 32353
5.959686 33701
5.961272 35049
5.962058 36397
5.962151 37745
5.962231 39093
5.965182 40441
5.979406 41789
5.980163 43137
5.980436 44485
5.98072 45833
5.981035 47181
5.981426 48529
5.98231 49877
5.982404 51225
5.982484 52573
5.982753 53921
5.982848 55269
5.986049 56617
5.997856 57965
5.998523 59313
6.000917 60661
6.001177 62009
6.001437 63357
6.001793 64705
6.001952 66053
6.002032 67401
6.002189 68749
6.002252 70097
