5.72497 0
5.725215 2697
5.72534 4045
5.725466 5393
5.725625 6741
5.725745 8089
5.725892 9437
5.725992 10785
5.726083 12133
5.726175 13481
5.746107 14829
5.74646 16177
5.746648 17525
5.746897 18873
5.747102 20221
5.747211 21569
5.747862 22917
5.748399 24265
5.748881 25613
5.749666 26961
5.753187 28309
5.775548 29657
5.775834 31005
5.775941 32353
5.776003 33701
5.776534 35049
5.776824 36397
5.777037 37745
5.777875 39093
5.777954 40441
5.778822 41789
5.778918 43137
5.794461 44485
5.794845 45833
5.796519 47181
5.796998 48529
5.797074 49877
5.800441 51225
5.800516 52573
5.800641 53921
5.800717 55269
5.80171 56617
5.801764 57965
5.805173 59313
5.844645 60661
5.846678 62009
5.846725 63357
5.84679 64705
5.846837 66053
5.846882 67401
5.846955 68749
5.848786 70097
5.874264 71445
5.874361 72793
5.874443 74141
5.877187 75489
5.877281 76837
