6.4621 0
6.462245 2697
6.462321 4045
6.462415 5393
6.462475 6741
6.462523 8089
6.469224 9437
6.469301 10785
6.469373 12133
6.469469 13481
6.490956 14829
6.493525 16177
6.494067 17525
6.494142 18873
6.494712 20221
6.496066 21569
6.496627 22917
6.496719 24265
6.497168 25613
6.497244 26961
6.497296 28309
6.509641 29657
6.512565 31005
6.51321 32353
6.513286 33701
6.51634 35049
6.516438 36397
6.517232 37745
6.517329 39093
6.519881 40441
6.520156 41789
6.522178 43137
6.528082 44485
6.53071 45833
6.533163 47181
6.547202 48529
6.54728 49877
6.547352 51225
6.547863 52573
6.547919 53921
6.55022 55269
6.550314 56617
6.551639 57965
6.551714 59313
6.554574 60661
6.55583 62009
6.557156 63357
6.567413 64705
6.568027 66053
6.56813 67401
6.569159 68749
6.592351 70097
6.592428 71445
6.592487 72793
6.592535 74141
6.592583 75489
6.59263 76837
6.593192 78185
6.593268 79533
6.593345 80881
6.593438 82229
