4.96118 0
4.961259 2697
4.961356 4045
4.961436 5393
4.961512 6741
4.961606 8089
4.961685 9437
4.961761 10785
4.961882 12133
4.965193 13481
4.965264 13482
4.989091 14830
4.989176 16178
4.989252 17526
4.989405 18874
4.989463 20222
4.989511 21570
4.989559 22918
4.989605 24266
4.989653 25614
4.989698 26962
4.989743 28310
4.989791 29658
4.989851 31006
4.989898 32354
4.989948 33702
4.98999 33704
5.016228 35052
5.016307 36400
5.016405 37748
5.016486 39096
5.016562 40444
5.016655 41792
5.016733 43140
5.017234 44488
5.017326 45836
5.017404 47184
5.017479 48532
5.017571 49880
5.055811 51228
5.055988 52576
5.057235 53924
5.057388 55272
5.168484 56620
5.168576 57968
5.168737 59316
5.168787 60664
5.168838 62012
5.168885 63360
5.168929 64708
5.168976 66056
5.22117 67404
5.221267 68752
5.22135 70100
5.221426 71448
5.221518 72796
5.221968 74144
5.223235 75492
5.223281 76840
5.223326 78188
5.223373 79536
5.223418 80884
5.225221 82232
5.225297 83580
5.22539 84928
5.315232 86276
5.315638 87624
5.319421 88972
5.319498 90320
5.319954 91668
5.32149 93016
5.321567 94364
5.321666 95712
5.325174 97060
5.325248 98408
5.334519 99756
5.334597 101104
5.335015 102452
5.367435 103800
5.429041 105148
5.429134 106496
5.429256 107844
5.429353 109192
5.429432 110540
5.429507 111888
5.448706 113236
5.448782 114584
5.448858 115932
5.448952 117280
5.449207 118628
5.449281 119976
5.476484 121324
5.520876 122672
5.520982 124020
5.521062 125368
5.521162 126716
5.521237 128064
5.521296 129412
5.542062 130760
5.542158 132108
5.542242 133456
5.542599 134804
5.542697 136152
5.569187 137500
5.601065 138848
5.845729 140196
5.845847 141544
5.846023 142892
5.846096 144240
5.84619 145588
5.846268 146936
5.846343 148284
5.846451 149632
5.846511 150980
5.846622 152328
5.910181 153676
5.978633 155024
6.136578 156372
6.136657 157720
6.136756 159068
6.136926 160416
6.137003 161764
6.137102 163112
6.137184 164460
6.137236 165808
6.137302 167156
6.137349 168504
6.191576 169852
6.2406 171200
6.522859 172548
6.522937 173896
6.523035 175244
6.523096 176592
6.523144 177940
6.523191 179288
6.525192 180636
6.525268 181984
6.525367 183332
6.525446 184680
6.591278 186028
6.623374 187376
6.62349 188724
6.623666 190072
6.623741 191420
6.62384 192768
6.625155 194116
6.646777 195464
6.64686 196812
6.646938 198160
6.647622 199508
6.6477 200856
6.696239 202204
6.768328 203552
8.243838 204900
8.243911 206248
8.244003 207596
8.244063 208944
8.244111 210292
8.244158 211640
8.244207 212988
8.244254 214336
8.244558 215684
8.244634 217032
8.24471 218380
8.313175 219728
8.372288 221076
9.259978 222424
9.260079 223772
9.26024 225120
9.260313 226468
9.260408 227816
9.260468 229164
9.260516 230512
9.260564 231860
9.260612 233208
9.26066 234556
9.364446 235904
9.469385 237252
10.192293 238600
10.192342 239948
10.192392 241296
10.192437 242644
10.192493 243992
10.192538 245340
10.19263 246688
10.193221 248036
10.193298 249384
10.193377 250732
10.260479 252080
10.342795 253428
10.483673 254776
10.483771 256124
10.48448 257472
10.484576 258820
10.485236 260168
10.485313 261516
10.485407 262864
10.485486 264212
10.485565 265560
10.485657 266908
10.547048 268256
10.602104 269604
10.771519 270952
10.771601 272300
10.772209 273648
10.772303 274996
10.772362 276344
10.77241 277692
10.772457 279040
10.772504 280388
10.773184 281736
10.773276 283084
10.843377 284432
10.90012 285780
10.973506 287128
10.973582 288476
10.973682 289824
10.975699 291172
10.975777 292520
10.975959 293868
10.976204 295216
10.976296 296564
10.976374 297912
10.976431 299260
11.05175 300608
11.104382 301956
11.172582 303304
11.172678 304652
11.172759 306000
11.173737 307348
11.173814 308696
11.173903 310044
11.173998 311392
11.174076 312740
11.181232 314088
11.181366 315436
11.279485 316784
11.280226 318132
11.280324 319480
11.280417 320828
11.32252 322176
11.322582 323524
11.322629 324872
11.322733 326220
11.322787 327568
11.322835 328916
11.322881 330264
11.322973 331612
11.408015 332960
11.526024 334308
11.587755 335656
11.587931 337004
11.588007 338352
11.588319 339700
11.588491 341048
11.588548 342396
11.588596 343744
11.588644 345092
11.588691 346440
11.588737 347788
11.588783 349136
11.675921 350484
11.741455 351832
11.782806 353180
11.783048 354528
11.783122 355876
11.783214 357224
11.783295 358572
11.78337 359920
11.783462 361268
11.78354 362616
11.783615 363964
11.783671 365312
11.873198 366660
11.9323 368008
12.000809 369356
12.000951 370704
12.001043 372052
12.001242 373400
12.001345 374748
12.12953 376096
12.129607 377444
12.129684 378792
12.129741 380140
12.13042 381488
12.130516 382836
12.198275 384184
12.19846 385532
12.198554 386880
12.201238 388228
12.201418 389576
12.201591 390924
12.233458 392272
12.233539 393620
12.233585 394968
12.23363 396316
12.233677 397664
12.277426 399012
12.363011 400360
12.588315 401708
12.588457 403056
12.58867 404404
12.588783 405752
12.588831 407100
12.588932 408448
12.588977 409796
12.589025 411144
12.589236 412492
12.589311 413840
12.652336 415188
12.713617 416536
13.097458 417884
13.097548 419232
13.097621 420580
13.097715 421928
13.097775 423276
13.097847 424624
13.097897 425972
13.097944 427320
13.097991 428668
13.098036 430016
13.098084 431364
13.098128 432712
13.098176 434060
13.101244 435408
13.101322 436756
13.101412 438104
13.101492 439452
13.101568 440800
13.10166 442148
13.101739 443496
13.119031 444844
13.121154 446192
13.147139 447540
13.147213 448888
13.183358 450236
13.435147 451584
13.435265 452932
13.435397 454280
13.435474 455628
13.435607 456976
13.435662 458324
13.435709 459672
13.435757 461020
13.435807 462368
13.435856 463716
13.50447 465064
13.561334 466412
14.130003 467760
14.130081 469108
14.130158 470456
14.130255 471804
14.130334 473152
14.13039 474500
14.137241 475848
14.13732 477196
14.137394 478544
14.137504 479892
14.202655 481240
14.284593 482588
14.334797 483936
14.335403 485284
14.335537 486632
14.335597 487980
14.335644 489328
14.33591 490676
14.335992 492024
14.336091 493372
14.336172 494720
14.336249 496068
14.391041 497416
14.449886 498764
14.450138 500112
14.450217 501460
14.450311 502808
14.45039 504156
14.450465 505504
14.486083 506852
14.486188 508200
14.489315 509548
14.489398 510896
14.489475 512244
14.550123 513592
14.642534 514940
14.642671 516288
14.649315 517636
14.649477 518984
14.649632 520332
14.649805 521680
14.694374 523028
14.69442 524376
14.694466 525724
14.694513 527072
14.694557 528420
14.697237 529768
14.794447 531116
14.84747 532464
14.847519 533812
14.847566 535160
14.847611 536508
14.847657 537856
14.848128 539204
14.887567 540552
14.88783 541900
14.887984 543248
14.888154 544596
14.88832 545944
14.90113 547292
14.95379 548640
14.958369 549988
14.958462 551336
14.95854 552684
14.959074 554032
14.959166 555380
14.959246 556728
14.959323 558076
14.959379 559424
14.959426 560772
14.959472 562120
14.961191 563468
14.961268 564816
15.002353 566164
15.002398 567512
15.002444 568860
15.002489 570208
15.002535 571556
15.00258 572904
15.002624 574252
15.00267 575600
15.005192 576948
15.005266 576950
15.007155 578298
15.00723 579646
15.00732 580994
15.009019 582342
15.011205 583690
15.011299 585038
15.011374 586386
15.011821 587732
15.029237 589080
15.033193 590428
15.046943 591776
15.047195 593124
15.103512 594472
15.10365 595820
15.109559 597168
15.109635 598516
15.109706 599864
15.109797 601212
15.109887 602560
15.113205 603908
15.113305 605256
15.128218 606604
15.128352 607952
15.128426 609300
15.161961 610648
15.162413 611996
15.21269 613344
15.212736 614692
15.212871 616040
15.212962 617388
15.213051 618736
15.213171 620084
15.250936 621432
15.251037 622780
15.251189 624128
15.251281 625476
15.25136 626824
15.273149 628172
15.30816 629520
15.324958 630868
15.325164 632216
15.331227 633564
15.331305 634912
15.33138 636260
15.370751 637608
15.370842 638956
15.370976 640304
15.371067 641652
15.371158 643000
15.373424 644348
15.454269 645696
15.513542 647044
15.526167 648392
15.526388 649740
15.528287 651088
15.529288 652436
15.52936 653784
15.61353 655132
15.613699 656480
15.613964 657828
15.614131 659176
15.614284 660524
15.615968 661872
15.824619 663220
15.929002 664568
15.929097 665916
15.930307 667264
15.930382 668612
15.930701 669960
15.939345 671308
15.939505 672656
15.939751 674004
15.941322 675352
15.941498 676700
15.996774 678048
16.069487 679396
16.241472 680744
16.241564 682092
16.241653 683440
16.241743 684788
16.241848 686136
16.24708 694224
16.247177 695572
16.247256 696920
16.247332 698268
16.247423 699616
16.247501 700964
16.249266 702312
16.249358 703660
16.249437 705008
16.249511 706356
16.30121 707704
16.301458 709052
16.325058 710400
16.394059 711748
16.441619 713096
16.442352 714444
16.444552 715792
16.444708 717140
16.445146 718488
16.507453 719836
16.507529 721184
16.507604 722532
16.508894 723880
16.509035 725228
16.510637 726576
16.565675 727924
16.646189 729272
16.646267 730620
16.646344 731968
16.646442 733316
16.646522 734664
16.646598 736012
16.647423 737360
16.647499 738708
16.647576 740056
16.647669 741404
16.711193 742752
16.711585 744100
16.790237 745448
16.85656 746796
16.856607 748144
16.856683 749492
16.856778 750840
16.856869 752188
16.934101 753536
16.934179 754884
16.93428 756232
16.93436 757580
16.937191 758928
16.937285 760276
16.962125 761624
16.962261 762972
16.962308 764320
16.965721 765668
16.965891 767016
16.966138 768364
16.966309 769712
16.967297 771060
16.967469 772408
16.967634 773756
16.992313 775104
17.044459 776452
17.101977 777800
17.10206 779148
17.103085 780496
17.10316 781844
17.103235 783192
17.103328 784540
17.10389 785888
17.103967 787236
17.121715 788584
17.121811 789932
17.125168 791280
17.167491 792628
17.205914 793976
17.205994 795324
17.206173 796672
17.206341 798020
17.20715 799368
17.207406 800716
17.207575 802064
17.207707 803412
17.226025 804760
17.226101 806108
17.226225 807456
17.260649 808804
17.306529 810152
17.306622 811500
17.306757 812848
17.306804 814196
17.30694 815544
17.307031 816892
17.420205 818240
17.420358 819588
17.420507 820936
17.420599 822284
17.42069 823632
17.421376 824980
17.559327 826328
22.627441 826329
27.627864 826329
28.665501 827676
28.669206 829024
28.684918 830372
28.684967 831720
28.721589 833068
28.722359 834416
28.820317 835764
28.820411 837112
28.820471 838460
28.820519 839808
28.821188 841156
28.932491 842504
29.364224 843852
29.364325 845200
29.364386 846548
29.365218 847896
29.365311 849244
29.391833 850592
29.393196 851940
29.393271 853288
29.43205 854636
29.432152 855984
29.43225 857332
29.43233 858680
29.509683 860028
29.769655 861376
29.769731 862724
29.76979 864072
29.76991 865420
29.769986 866768
29.77008 868116
29.770159 869464
29.770216 870812
29.771986 872160
29.910553 873508
29.944299 874856
30.021197 876204
30.505007 877552
30.505107 878900
30.505263 880248
30.50532 881596
30.505366 882944
30.505424 884292
30.505483 885640
30.505601 886988
30.505704 888336
30.505823 889684
30.560259 891032
30.612504 892380
30.939588 893728
30.939838 895076
30.940038 896424
30.9402 897772
30.940307 899120
30.940425 900468
30.940543 901816
30.941418 903164
30.941616 904512
30.941853 905860
31.000245 907208
31.069832 908556
31.102635 909904
31.102715 911252
31.102796 912600
31.102892 913948
31.102971 915296
31.103046 916644
31.104366 917992
31.104447 919340
31.104524 920688
31.104627 922036
31.171998 923384
31.232289 924732
31.301731 926080
31.30182 927428
31.302434 928776
31.302489 930124
31.302536 931472
31.305325 932820
31.340984 934168
31.34118 935516
31.341333 936864
31.341425 938212
31.341503 939560
31.374647 940908
31.443911 942256
36.51129 942257
41.511396 942257
