6.03606 0
6.036159 2697
6.036239 4045
6.036315 5393
6.036407 6741
6.036486 8089
6.037191 9437
6.037293 10785
6.037375 12133
6.03745 13481
6.055237 14829
6.055719 16177
6.056019 17525
6.05612 18873
6.056715 20221
6.057033 21569
6.057169 22917
6.058312 24265
6.058572 25613
6.058657 26961
6.058733 28309
6.086571 29657
6.086657 31005
6.08689 32353
6.087138 33701
6.087216 35049
6.089049 36397
6.089154 37745
6.0896 39093
6.089692 40441
6.090031 41789
6.090086 43137
6.105208 44485
6.10804 45833
6.108116 47181
6.10853 48529
6.108605 49877
6.108699 51225
6.111476 52573
6.111555 53921
6.111703 55269
6.11176 56617
6.111808 57965
6.137393 59313
6.13744 60661
6.137512 62009
6.137591 63357
6.137639 64705
6.137683 66053
6.13959 67401
6.139688 68749
6.139768 70097
6.141165 71445
6.163511 72793
6.163589 74141
6.163734 75489
6.163815 76837
6.163935 78185
6.164134 79533
6.164211 80881
6.164288 82229
6.164377 83577
6.164457 84925
6.164534 86273
6.164628 87621
6.165154 88969
6.185127 90317
6.18524 91665
6.186438 93013
6.186597 94361
6.186658 95709
6.186706 97057
6.186772 98405
6.186836 99753
6.187734 101101
6.188937 102449
6.189012 103797
6.189088 105145
6.189195 106493
6.191787 107841
