6.65306 0
6.653164 2697
6.653273 4045
6.653353 5393
6.65343 6741
6.653564 8089
6.653638 9437
6.653714 10785
6.653806 12133
6.657162 13481
6.678903 14829
6.678978 16177
6.679069 17525
6.681173 18873
6.681247 20221
6.695819 21569
6.695897 22917
6.69599 24265
6.69607 25613
6.69618 26961
6.696495 28309
6.696542 29657
6.696586 31005
6.697284 32353
6.697439 33701
6.70212 35049
6.702195 36397
6.703613 37745
6.703707 39093
6.703768 40441
6.715229 41789
6.71534 43137
6.71542 44485
6.717179 45833
6.720145 47181
6.721372 48529
6.721466 49877
6.721547 51225
6.721604 52573
6.721652 53921
6.7217 55269
6.721845 56617
6.72192 57965
6.721964 59313
6.722011 60661
6.723344 62009
6.723424 63357
6.723499 64705
6.723829 66053
6.723906 67401
6.728519 68749
6.728594 70097
6.729202 71445
6.729281 72793
6.734094 74141
6.734195 75489
6.734279 76837
6.734355 78185
6.734411 79533
6.734458 80881
6.73723 82229
6.737327 83577
6.737411 84925
6.737487 86273
6.767433 87621
6.767599 88969
6.767674 90317
6.767758 91665
6.767854 93013
6.767915 94361
6.768951 95709
6.769027 97057
6.769122 98405
6.769198 99753
6.769268 101101
6.769424 102449
6.7695 103797
6.769576 105145
6.769667 106493
6.769745 107841
6.770274 109189
6.770416 110537
6.770507 111885
6.770552 113233
6.770599 114581
6.770644 115929
6.77069 117277
6.770735 118625
6.770781 119973
6.770869 121321
6.770916 122669
6.771755 124017
6.771857 125365
6.771936 126713
6.772011 128061
6.772106 129409
6.772185 130757
6.77226 132105
6.772351 133453
6.77243 134801
6.772505 136149
6.7726 137497
6.77268 138845
6.772757 140193
6.772849 141541
6.772927 142889
6.773002 144237
6.773102 145585
6.773242 146933
6.773316 148281
6.773409 149629
6.773487 150977
6.77358 152325
6.773658 153673
6.773733 155021
6.773789 156369
6.77385 157717
6.773898 159065
6.773945 160413
6.773992 161761
6.804547 163109
6.804628 164457
6.804704 165805
6.80517 167153
6.815262 168501
6.81534 169849
6.815442 171197
6.81552 172545
6.815718 173893
6.815775 175241
6.815823 176589
6.815872 177937
6.815919 179285
6.815964 180633
6.816012 181981
6.816056 183329
6.816104 184677
6.816149 186025
6.816193 187373
6.816655 188721
6.81675 190069
6.81683 191417
6.816907 192765
6.817121 194113
6.817254 195461
6.817327 196809
6.817421 198157
6.817499 199505
6.817574 200853
6.817666 202201
6.817805 203549
6.817895 204897
6.81806 206245
6.818141 207593
6.818212 208941
6.818306 210289
6.818385 211637
6.818481 212985
6.818568 214333
6.818687 215681
6.818746 217029
6.818842 218377
6.818972 219725
6.819018 221073
6.819062 222421
6.819107 223769
6.81916 225117
6.819206 226465
6.81925 227813
6.819322 229161
6.820473 230509
6.820567 231857
6.824211 233205
6.824293 234553
6.824386 235901
6.824475 237249
6.824555 238597
6.824626 239945
6.824718 241293
6.824797 242641
6.825269 243989
6.82537 245337
6.825452 246685
6.825536 248033
6.825968 249381
6.826042 250729
6.826118 252077
6.826285 253425
6.82634 254773
6.826388 256121
6.826435 257469
6.826527 258817
6.826573 260165
6.826621 261513
6.827811 262861
6.827914 264209
6.828001 265557
6.828077 266905
6.828169 268253
6.828675 269601
6.82875 270949
6.828844 272297
6.831944 273645
6.832023 274993
6.832115 276341
6.832196 277689
6.832272 279037
6.832363 280385
6.832422 281733
6.83247 283081
6.832517 284429
6.832564 285777
6.832608 287125
6.833255 288473
6.833331 289821
6.833419 291169
6.833499 292517
6.833574 293865
6.833665 295213
6.833743 296561
6.904131 297909
6.90423 299257
6.904648 300605
6.904743 301953
6.90592 303301
6.90597 304649
6.906015 305997
6.906061 307345
6.906411 308693
6.906461 310041
6.9089 322173
6.908975 323521
6.909334 324869
6.909409 326217
6.90948 327565
6.909575 328913
6.909655 330261
6.909729 331609
6.909942 332957
6.910019 334305
6.910198 335653
6.91027 337001
6.910345 338349
6.910439 339697
6.910513 341045
6.910588 342393
6.910681 343741
6.91076 345089
6.910836 346437
6.910928 347785
6.911007 349133
6.911083 350481
6.911175 351829
6.911259 353177
6.911335 354525
6.911427 355873
6.911506 357221
6.911582 358569
6.911684 359917
6.911762 361265
6.911837 362613
6.911929 363961
6.912008 365309
6.912083 366657
6.912173 368005
6.912442 369353
6.912534 370701
6.912606 372049
6.912969 373397
6.913068 374745
6.913211 376093
6.913279 377441
6.913372 378789
6.913425 380137
6.913473 381485
6.913518 382833
6.913565 384181
6.913609 385529
6.913656 386877
6.913701 388225
6.913748 389573
6.913793 390921
6.913855 392269
6.913901 393617
6.913945 394965
6.913992 396313
6.914182 397661
6.91424 399009
6.914287 400357
6.914334 401705
6.91438 403053
6.914424 404401
6.914471 405749
6.914515 407097
6.914561 408445
6.914606 409793
6.914652 411141
6.914697 412489
6.914743 413837
6.914787 415185
6.914833 416533
6.914878 417881
6.914921 419229
6.917977 504153
6.91807 505501
6.918149 506849
6.918224 508197
6.918316 509545
6.918393 510893
6.918469 512241
6.918564 513589
6.918644 514937
6.918719 516285
6.918812 517633
6.91889 518981
6.918965 520329
6.919057 521677
6.919135 523025
6.919213 524373
6.919305 525721
6.919382 527069
6.919473 528417
6.919551 529765
6.919625 531113
6.924088 532461
6.9242 533809
6.924277 535157
6.924372 536505
6.92445 537853
6.924525 539201
6.924618 540549
6.924696 541897
6.924771 543245
6.924862 544593
6.924939 545941
6.92523 547289
6.925323 548637
6.925402 549985
6.925478 551333
6.925569 552681
6.97377 554029
6.973859 555377
6.978078 556725
6.97815 558073
6.978218 559421
6.978571 560769
6.978656 562117
6.978743 563465
6.978823 564813
6.97888 566161
6.978927 567509
6.978974 568857
6.97902 570205
6.979065 571553
6.979111 572901
6.979156 574249
6.979202 575597
6.97925 576945
6.979297 578293
6.979341 579641
6.979388 580989
6.979433 582337
6.979483 583685
6.979528 585033
6.979572 586381
6.979619 587729
6.979663 589077
6.97971 590425
6.979757 591773
6.979802 593121
6.979846 594469
6.979892 595817
6.979937 597165
6.979981 598513
6.980027 599861
6.980072 601209
6.980115 602557
6.980161 603905
6.980206 605253
6.981985 652433
6.982091 653781
6.982283 655129
6.982377 656477
6.982457 657825
6.982533 659173
6.982626 660521
6.982705 661869
6.98278 663217
6.982871 664565
6.98295 665913
6.983026 667261
6.983118 668609
6.9832 669957
6.983283 671305
6.983378 672653
6.983457 674001
6.983533 675349
6.983624 676697
6.983704 678045
6.98378 679393
6.983872 680741
6.983951 686133
6.984042 687481
6.984122 688829
6.984197 690177
6.984289 691525
7.012964 692873
7.013069 694221
7.013152 695569
7.013296 696917
7.013547 698265
7.013619 699613
7.013695 700961
7.013788 702309
7.013878 703657
7.013955 705005
7.014047 706353
7.014126 707701
7.014404 709049
7.014485 710397
7.014561 711745
7.014653 713093
7.014732 714441
7.014807 715789
7.014906 717137
7.014985 718485
7.01506 719833
7.015152 721181
7.015327 722529
7.015401 723877
7.015489 725225
7.015568 726573
7.015636 727921
7.015688 729269
7.015741 730617
7.015786 731965
7.015832 733313
7.015881 734661
7.015927 736009
7.015971 737357
7.016017 738705
7.016061 740053
7.016108 741401
7.016152 742749
7.016199 744097
7.017359 745445
7.017434 746793
7.017528 748141
7.017607 749489
7.018088 750837
7.018188 752185
7.018274 753533
7.020553 754881
7.020647 756229
7.020726 757577
7.020801 758925
7.020892 760273
7.02097 761621
7.021045 762969
7.021142 764317
7.021285 765665
7.021377 767013
7.021455 768361
7.02153 769709
7.021586 771057
7.021632 772405
7.021679 773753
7.021726 775101
7.021771 776449
7.021828 777797
7.021881 779145
7.021926 780493
7.021973 781841
7.041639 783189
7.041718 784537
7.041834 785885
7.04191 787233
7.041986 788581
7.042079 789929
7.042157 791277
7.042233 792625
7.042324 793973
7.042402 795321
7.042476 796669
7.042567 798017
7.042645 799365
7.04272 800713
7.042811 802061
7.042889 803409
7.042964 804757
7.043055 806105
7.043134 807453
7.045303 808801
7.045403 810149
7.045483 811497
7.045577 812845
7.045636 814193
7.045683 815541
7.045731 816889
7.045778 818237
7.045837 819585
7.045882 820933
7.045929 822281
7.045973 823629
7.060122 824977
7.060197 826325
7.060958 827673
7.061038 829021
7.061133 830369
7.061213 831717
7.061732 833065
7.06185 834413
7.061924 835761
7.061992 837109
7.062078 838457
7.062414 839805
7.062507 841153
7.062586 842501
7.062661 843849
7.062752 845197
7.062929 846545
7.06298 847893
7.063038 849241
7.06315 850589
7.063204 851937
7.063252 853285
7.063297 854633
7.063351 855981
7.063397 857329
7.063442 858677
7.063574 860025
7.063625 861373
7.063671 862721
7.063723 864069
7.063769 865417
7.063813 866765
7.06386 868113
7.063904 869461
7.063948 870809
7.063995 872157
7.06404 873505
7.064213 874853
7.064257 876201
7.064305 877549
7.06435 878897
7.064394 880245
7.064438 881593
7.064482 882941
7.064526 884289
7.06457 885637
7.06647 901813
7.066545 903161
7.066635 904509
7.066712 905857
7.066787 907205
7.066878 908553
7.066956 909901
7.067169 911249
7.067249 912597
7.067327 913945
7.067419 915293
7.067498 916641
7.067572 917989
7.067663 919337
7.067742 920685
7.067817 922033
7.067909 923381
7.067987 924729
7.068063 926077
7.068153 927425
7.068231 928773
7.068306 930121
7.0684 931469
7.068478 932817
7.068553 934165
7.068644 935513
7.068721 936861
7.068796 938209
7.068886 939557
7.068964 940905
7.069039 942253
7.069129 943601
7.069273 944949
7.069347 946297
7.069435 947645
7.069509 948993
7.069593 950341
7.069667 951689
7.069742 953037
7.069841 954385
7.069921 955733
7.069995 957081
7.070087 958429
7.070146 959777
7.070194 961125
7.070241 962473
7.070288 963821
7.070333 965169
7.070379 966517
7.070424 967865
7.07047 969213
7.070516 970561
7.070563 971909
7.070607 973257
7.070653 974605
7.070697 975953
7.070744 977301
7.070789 978649
7.070833 979997
7.070879 981345
7.070924 982693
7.070974 984041
7.071021 985389
7.071066 986737
7.107133 988085
7.107221 989433
7.107318 990781
7.1074 992129
7.107477 993477
7.107571 994825
7.107657 996173
7.107735 997521
7.107828 998869
7.108002 1000217
7.108076 1001565
7.108176 1002913
7.108256 1004261
7.108331 1005609
7.108422 1006957
7.108501 1008305
7.108576 1009653
7.108669 1011001
7.108748 1012349
7.108823 1013697
7.108915 1015045
7.109806 1016393
7.109911 1017741
7.110307 1019089
7.110364 1020437
7.110412 1021785
7.110459 1023133
7.110506 1024481
7.110552 1025829
7.110599 1027177
7.110644 1028525
7.110691 1029873
7.110735 1031221
7.110781 1032569
7.110826 1033917
7.110872 1035265
7.110917 1036613
7.110961 1037961
7.111008 1039309
7.111054 1040657
7.111099 1042005
7.111204 1043353
7.111251 1044701
7.111302 1046049
7.111346 1047397
7.11139 1048745
7.111441 1050093
7.111488 1051441
7.111533 1052789
7.111577 1054137
7.111622 1055485
7.111674 1056833
7.111719 1058181
7.111767 1059529
7.113291 1074357
7.113384 1075705
7.113479 1077053
7.113558 1078401
7.113634 1079749
7.1139 657825
7.11409 659173
7.114181 660521
7.114259 661869
7.114335 663217
7.114425 664565
7.114503 665913
7.114836 667261
7.114933 668609
7.115004 669957
7.115081 671305
7.116704 672653
7.116787 674001
7.116858 675349
7.116946 676697
7.117302 678045
7.117378 679393
7.117474 682089
7.117712 683437
7.117792 684785
7.117897 686133
7.190302 695569
7.190651 696917
7.190732 698265
7.190828 699613
7.190908 700961
7.191188 718485
7.19127 719833
7.191355 721181
7.192707 722529
7.192784 1081097
7.19286 1082445
7.192954 1083793
7.193033 1085141
7.19321 1086489
7.193302 1087837
7.193381 1089185
7.206253 1090533
7.208131 1091881
7.208203 1093229
7.208291 1094577
7.208363 1095925
7.208473 1097273
7.208563 1098621
7.208635 1099969
7.208714 1101317
7.208805 1102665
7.208887 1104013
7.208975 1105361
7.209049 1106709
7.20912 1108057
7.209214 1109405
7.209357 1110753
7.209431 1112101
7.209524 1113449
7.209603 1114797
7.209679 1116145
7.20977 1117493
7.20986 1118841
7.209937 1120189
7.210498 1121537
7.210985 1122885
7.211055 1124233
7.211129 1125581
7.211215 1126929
7.211287 1128277
7.211783 1129625
7.211857 1130973
7.211949 1132321
7.212041 1133669
7.212111 1135017
7.213568 1136365
7.214024 1137713
7.214133 1139061
7.214868 1140409
7.214912 1141757
7.214955 1143105
7.215057 1144453
7.215104 1145801
7.215149 1147149
7.215205 1148497
7.215296 1149845
7.215348 1151193
7.215478 1152541
7.215523 1153889
7.215568 1155237
7.215612 1156585
7.215672 1157933
7.215858 1159281
7.215905 1160629
7.21595 1161977
7.215994 1163325
7.216038 1164673
7.217577 1009653
7.218163 1020437
7.218245 1025829
7.218334 1028525
7.218405 1031221
7.218661 1033917
7.218751 1037961
7.218822 1039309
7.219139 1042005
7.219231 1047397
7.220634 1050093
7.220709 1179501
7.27312 1180849
7.273258 1182197
7.273406 1183545
7.273484 1184893
7.273559 1186241
7.273652 1187589
7.27373 1188937
7.273805 1190285
7.275673 1191633
7.275752 1192981
7.275849 1194329
7.276199 1195677
7.276278 1197025
7.276373 1198373
7.276452 1199721
7.276528 1201069
7.276619 1202417
7.276697 1203765
7.276773 1205113
7.276866 1206461
7.276945 1207809
7.27702 1209157
7.277112 1210505
7.27719 1211853
7.277424 1213201
7.277515 1214549
7.2777 1215897
7.277792 1217245
7.277882 1218593
7.277958 1219941
7.278051 1221289
7.278232 1222637
7.278306 1223985
7.278399 1225333
7.278478 1226681
7.278554 1228029
7.278645 1229377
7.278724 1230725
7.278799 1232073
7.278891 1233421
7.27897 1234769
7.279045 1236117
7.279136 1237465
7.279214 1238813
7.279289 1240161
7.279384 1241509
7.279463 1242857
7.279555 1244205
7.279637 1245553
7.279712 1246901
7.279815 1248249
7.279894 1249597
7.279977 1250945
7.280068 1252293
7.280147 1253641
7.280204 1254989
7.280253 1256337
7.280472 1257685
7.280587 1259033
7.280641 1260381
7.280695 1261729
7.28078 1263077
7.280832 1264425
7.28088 1265773
7.280927 1267121
7.280972 1268469
7.281053 1269817
7.281099 1271165
7.281147 1272513
7.281195 1273861
7.28518 1310257
7.28526 1311605
7.285332 1312953
7.285427 1314301
7.285506 1315649
7.285583 1316997
7.285674 1318345
7.285753 1319693
7.285841 1321041
7.286099 1322389
7.286177 1323737
7.286271 1325085
7.28635 1326433
7.286425 1327781
7.286516 1329129
7.286593 1330477
7.286668 1331825
7.286757 1333173
7.286836 1334521
7.28691 1335869
7.287 1337217
7.287079 1338565
7.287154 1339913
7.287245 1341261
7.287324 1342609
7.287404 1343957
7.289239 1345305
7.289316 1346653
7.289391 1348001
7.289484 1349349
7.289562 1350697
7.292349 1352045
7.293179 1353393
7.2935 1354741
7.294064 1136365
7.321053 1137713
7.32114 1139061
7.321291 1140409
7.321367 1141757
7.321447 1143105
7.321539 1144453
7.342978 1145801
7.343563 1147149
7.344086 1148497
7.344181 1149845
7.344261 1151193
7.344337 1152541
7.345134 1153889
7.345209 1155237
7.34528 1156585
7.347911 1157933
7.347988 1159281
7.348843 1160629
7.37402 1161977
7.375876 1163325
7.375957 1164673
7.376059 1166021
7.376142 1167369
7.376218 1168717
7.376311 1170065
7.37639 1171413
7.376465 1172761
7.376556 1174109
7.376635 1175457
7.376726 1176805
7.376804 1178153
7.37688 1179501
7.376974 1259033
7.377056 1260381
7.377245 1261729
7.377336 1263077
7.377571 1264425
7.377646 1265773
7.377747 1267121
7.377843 1268469
7.377921 1269817
7.378015 1271165
7.378094 1272513
7.378169 1273861
7.378261 1275209
7.378339 1276557
7.378397 1277905
7.378445 1279253
7.378492 1280601
7.378539 1281949
7.378584 1283297
7.378629 1284645
7.378675 1285993
7.378722 1287341
7.378767 1288689
7.378814 1290037
7.378858 1291385
7.378905 1292733
7.378949 1294081
7.378996 1295429
7.379041 1296777
7.379085 1298125
7.379138 1299473
7.379183 1300821
7.379227 1303517
7.379276 1308909
7.379321 1356089
7.379376 1357437
7.379423 1358785
7.379468 1360133
7.379518 1361481
7.379567 1362829
7.379612 1364177
7.379658 1365525
7.379703 1366873
7.379747 1368221
7.381381 1374961
7.381474 1376309
7.38155 1377657
7.381644 1379005
7.381722 1380353
7.381797 1381701
7.381901 1383049
7.38198 1384397
7.382072 1385745
7.382149 1387093
7.382224 1388441
7.382315 1389789
7.382394 1391137
7.382469 1392485
7.382559 1393833
7.382636 1395181
7.382711 1396529
7.382801 1397877
7.393262 1399225
7.428748 1400573
7.428828 1401921
7.428926 1403269
7.429002 1404617
7.429115 1405965
7.429242 1407313
7.429325 1408661
7.429573 1410009
7.431019 1411357
7.431098 1412705
7.431179 1414053
7.431274 1415401
7.431353 1416749
7.431432 1418097
7.431524 1419445
7.431603 1420793
7.431678 1422141
7.431765 1423489
7.431966 1424837
7.43204 1426185
7.432133 1427533
7.432213 1428881
7.434754 1430229
7.434832 1431577
7.43564 1432925
7.437567 1434273
7.437982 1435621
7.438479 1436969
7.438554 1438317
7.43863 1439665
7.438811 1441013
7.438887 1442361
7.43898 1443709
7.43906 1445057
7.439156 1446405
7.439245 1447753
7.43932 1449101
7.4394 1450449
7.439563 1451797
7.439687 1453145
7.439761 1454493
7.439854 1455841
7.43994 1457189
7.440082 1458537
7.440177 1459885
7.440311 1461233
7.440383 1462581
7.440439 1463929
7.440485 1465277
7.440559 1466625
7.440606 1467973
7.440684 1469321
7.441881 1470669
7.442682 1472017
7.442757 1473365
7.443277 1474713
7.443353 1476061
7.443433 1477409
7.443529 1478757
7.444246 1480105
7.444387 1481453
7.444481 1482801
7.444756 1484149
7.44483 1485497
7.44518 1486845
7.449991 1488193
7.450089 1489541
7.45017 1490889
7.450246 1492237
7.45322 1493585
7.453298 1494933
7.453372 1496281
7.466315 1497629
7.466394 1498977
7.466538 1500325
7.466614 1388441
7.46669 1389789
7.466782 1391137
7.46695 1392485
7.468128 1393833
7.468204 1395181
7.46828 1396529
7.468337 1397877
7.469195 1399225
7.469271 1501673
7.47366 1503021
7.488574 1504369
7.488657 1505717
7.489179 1507065
7.490265 1508413
7.495409 1509761
7.495879 1511109
7.495957 1512457
7.517289 1513805
7.517388 1515153
7.518073 1516501
7.518835 1517849
7.519029 1519197
7.519179 1520545
7.519269 1521893
7.519328 1523241
7.519936 1524589
7.520099 1525937
7.520175 1527285
7.52025 1528633
7.520343 1529981
7.520423 1531329
7.520479 1532677
7.52062 1534025
7.520671 1535373
7.520718 1536721
7.520765 1538069
7.520812 1539417
7.520856 1540765
7.520903 1542113
7.520966 1543461
7.52101 1544809
7.521055 1546157
7.521102 1547505
7.52115 1548853
7.521194 1550201
7.521242 1551549
7.522037 1552897
7.522114 1554245
7.52219 1555593
7.522294 1556941
7.522374 1558289
7.523626 1559637
7.523719 1560985
7.523799 1562333
7.523874 1563681
7.52397 1565029
7.524048 1566377
7.525181 1567725
7.551215 1569073
7.551962 1570421
7.552523 1571769
7.552599 1573117
7.552694 1574465
7.552772 1575813
7.552847 1577161
7.552935 1578509
7.553428 1579857
7.553505 1581205
7.553598 1582553
7.553676 1583901
7.553752 1585249
7.553858 1586597
7.553938 1587945
7.554014 1589293
7.554106 1590641
7.554184 1591989
7.554259 1593337
7.554357 1594685
7.554435 1596033
7.557225 1597381
7.557318 1598729
7.557398 1600077
7.557495 1601187
