0.000000 0
13.359891 2697
14.115632 4900
14.115777 7596
14.115875 10292
14.118704 12988
14.118802 15684
14.181686 18380
14.182885 21076
14.182994 23772
14.183089 26468
14.183679 29164
14.185085 31860
14.197243 34556
14.198579 37252
14.22263 38600
14.22548 41296
14.229136 43992
14.23061 46688
14.230712 49384
14.268721 50732
14.268827 53428
14.26892 56124
14.269009 58820
14.270766 61516
14.270863 64212
14.270954 66908
14.30156 69604
14.301667 72300
14.30261 74996
14.302713 77692
14.33236 79040
14.332464 81736
14.332558 84432
14.334775 87128
14.334946 89824
14.407934 92520
14.476327 93868
14.7108 93932
