0.000000 0
5.335163 974
6.236656 3776
6.343375 3895
6.420684 4407
6.594982 4447
6.641858 5795
6.703786 7885
6.825558 7924
7.023355 9105
10.40536 9204
10.525333 10866
10.642285 11227
10.668753 12575
10.757852 14577
10.831106 14632
10.91416 15440
11.89024 15991
40.948219 16030
41.473307 16030
41.847749 16106
42.403568 16106
50.0152 16171
50.945118 17126
51.076436 17320
51.340756 17351
51.758194 17503
52.032502 17534
57.397913 17573
80.08145 17612
80.719489 17688
82.803883 17753
83.724815 18749
85.11852 19122
87.138459 19122
94.818917 19153
103.358394 19192
113.084841 19307
128.119875 19360
129.639006 19424
136.521733 19463
136.687787 19539
