0.000000 0
5.846395 2056
5.846547 4752
6.025599 5359
6.107166 6707
6.139295 7382
6.456054 11292
6.519733 13988
6.522351 14311
6.648444 15659
6.648616 18355
6.65083 21051
6.651009 23747
6.737924 25095
6.738835 27791
6.742523 29139
6.742843 31835
6.753183 34531
6.827395 38575
6.82763 41271
6.830878 43967
6.831019 45315
6.831186 48011
6.834019 49359
6.83482 52055
6.890651 54751
6.890876 57447
6.89098 60143
6.930718 62839
6.931002 65535
6.931109 68231
6.941191 69937
6.941436 72633
6.942822 75329
7.027783 78025
7.030817 80721
7.105341 81901
10.56104 83249
10.562878 85684
10.675315 88802
10.675421 91498
10.675535 94194
10.678835 96890
10.679017 99586
10.759497 100261
10.763708 101609
10.763905 104305
10.764077 107001
10.764296 109697
10.764395 112393
10.76449 115089
10.76673 117785
10.766955 120481
10.767125 123177
10.76728 125873
10.767464 128569
10.767639 131265
10.832889 132613
10.833068 135309
10.833412 135819
10.91794 137167
10.919458 139863
10.9264 142559
10.997771 143907
10.998904 146603
10.999011 149299
11.000899 150647
11.002804 153343
11.062026 154691
11.062808 157387
11.082182 158735
11.082316 161431
11.082837 164127
11.083011 166823
11.131793 168171
11.134865 170867
11.19265 173563
11.192847 176259
11.19302 178955
11.194853 181651
11.195005 184347
11.26384 187043
11.264203 189739
11.264314 192435
11.264409 195131
11.264503 197827
11.266945 200523
11.333179 201871
11.333343 204567
11.334859 207263
11.335095 209959
11.383676 211307
11.384221 214003
11.384392 216699
11.38449 219395
11.384584 222091
11.387021 224787
11.387185 227483
11.441776 228831
11.441944 231527
11.442125 234223
11.442928 236919
11.488207 239615
11.488367 242311
11.488525 245007
11.490835 247703
11.490989 250399
11.502237 251747
11.502395 254443
11.5025 257139
11.502933 259835
11.615003 262531
11.615286 265227
11.615584 267923
11.615872 270619
11.616081 273315
11.618939 276011
11.619153 278707
11.619317 281403
11.627989 284099
11.628133 286795
11.628265 289491
11.628361 292187
11.628457 294883
11.758993 297579
11.762872 300275
11.893484 302971
11.893711 305667
11.893864 308363
11.894035 311059
11.894161 313755
11.894256 316451
11.894349 319147
11.894925 321843
11.895077 324539
11.895257 327235
11.895431 329931
11.961866 332627
11.962013 335323
11.962109 338019
11.962924 340715
11.973736 343411
11.974819 346107
11.986415 348803
11.986578 351499
11.986885 354195
11.9999 355543
12.000065 358239
12.000248 360935
12.000343 363631
12.002972 366327
12.003145 369023
12.013532 371719
12.013673 374415
12.014828 377111
12.01501 379807
12.033726 381155
12.034805 383851
12.059625 385199
12.062835 387895
12.091722 390591
12.091883 393287
12.094815 395983
12.101655 398679
12.101793 401375
12.10294 404071
12.121384 406767
12.121598 409463
12.122932 412159
12.168842 413507
12.169003 416203
12.169104 418899
12.170952 421595
12.171106 424291
12.177169 425639
12.17736 428335
12.177503 431031
12.177598 433727
12.17886 436423
12.179012 439119
12.179189 441815
12.198972 443163
12.199179 445859
12.202933 448555
12.221267 449903
12.221502 452599
12.221609 455295
12.239714 457991
12.239902 460687
12.242821 463383
12.269622 466079
12.26985 468775
12.27002 471471
12.270835 474167
12.271014 476863
12.293627 478211
12.293832 480907
12.294898 483603
12.301095 484951
12.301289 487647
12.302829 490343
12.358392 493039
12.358617 495735
12.358722 498431
12.358851 501127
12.358945 503823
12.359035 506519
12.379691 509215
12.379855 511911
12.399562 514607
12.40282 517303
12.478065 519999
12.478289 522695
12.478458 525391
12.478924 528087
12.504818 530783
12.505016 533479
12.505415 536175
12.505569 538871
12.506893 541567
12.529548 542915
12.529746 545611
12.529875 548307
12.530847 551003
12.531023 553699
12.564659 556395
12.564883 559091
12.566841 561787
12.567021 564483
12.579578 565831
12.582828 568527
12.605079 571223
12.605264 573919
12.606821 576615
12.606922 579311
12.62221 580659
12.62241 583355
12.629197 586051
12.630819 588747
12.664201 591443
12.664439 594139
12.664545 596835
12.666952 599531
12.671464 602227
12.674846 604923
12.740415 607619
12.740647 610315
12.740815 613011
12.740956 615707
12.742872 618403
12.743054 621099
12.743225 623795
12.755245 626491
12.75559 629187
12.769827 631883
12.769984 634579
12.770881 637275
12.793534 638623
12.794123 641319
12.822775 644015
12.823348 646711
12.826858 649407
12.848918 652103
12.849543 654799
12.863565 657495
12.863771 660191
12.866904 662887
12.906583 665583
12.906742 668279
12.906977 670975
12.90711 673671
12.918702 676367
12.938923 679063
12.939726 681759
12.939874 684455
12.942925 687151
12.960066 688499
12.96024 691195
12.962877 693891
13.012461 695239
13.01265 697935
13.012882 700631
13.013043 703327
13.013196 706023
13.013291 708719
13.057473 710067
13.057653 712763
13.057822 715459
13.058925 718155
13.059026 720851
13.076072 722199
13.076215 723547
13.076368 726243
13.091633 728939
13.094853 731635
13.107235 734331
13.108187 737027
13.109185 739723
13.127415 742419
13.141974 745115
13.142158 747811
13.142259 750507
13.142904 753203
13.180592 755899
13.180774 758595
13.182814 761291
13.19493 763987
13.195106 766683
13.195541 769379
13.210998 770727
13.214838 773423
13.238204 776119
13.238398 778815
13.238503 781511
13.238944 784207
13.283732 786903
13.286825 789599
13.289227 792295
13.289385 794991
13.289542 797687
13.290975 800383
13.301586 803079
13.30174 805775
13.323383 808471
13.323592 811167
13.326464 812515
13.342356 815211
13.342819 817907
13.359263 820603
13.359396 823299
13.362907 825995
13.394119 827343
13.394294 830039
13.394937 832735
13.407555 834083
13.407923 836779
13.408017 839475
13.410913 842171
13.421473 843519
13.42164 846215
13.422888 848911
13.44483 850259
13.445004 852955
13.446849 855651
13.447031 858347
13.478218 859695
13.478402 862391
13.478531 865087
13.478626 867783
13.478912 870479
13.492393 873175
13.494811 875871
13.500795 878567
13.501861 881263
13.51334 883959
13.513499 886655
13.569312 889351
13.569543 892047
13.569641 894743
13.569805 897439
13.569911 900135
13.608538 901483
13.608724 904179
13.608894 906875
13.610898 909571
13.611087 912267
13.611265 914963
13.616663 916311
13.616872 919007
13.617047 921703
13.619559 924399
13.61966 927095
13.639374 928443
13.639616 931139
13.667119 933835
13.667285 936531
13.66907 939227
13.669282 941923
13.669642 944619
13.676684 947315
13.693876 950011
13.694841 952707
13.717441 955403
13.718854 958099
13.725853 960795
13.726846 963491
13.77219 966187
13.774892 968883
13.77508 971579
13.775231 974275
13.77533 976971
13.775423 979667
13.81132 982363
13.811566 985059
13.811736 987755
13.814895 990451
13.815058 993147
13.815153 995843
13.859837 997191
13.860026 999887
13.860735 1001235
13.862889 1003931
13.863056 1006627
13.863541 1009323
13.863723 1012019
13.881213 1014715
13.901776 1017411
13.901933 1020107
13.902911 1022803
13.964578 1025499
13.96469 1028195
13.964786 1030891
13.964879 1033587
13.966919 1036283
13.967079 1038979
13.967174 1041675
13.967267 1044371
13.99272 1045719
13.992925 1048415
13.994931 1051111
14.026154 1053807
14.026499 1056503
14.02668 1059199
14.044157 1061895
14.044337 1064591
14.046832 1067287
14.046939 1069983
14.08131 1071331
14.081476 1074027
14.082816 1076723
14.08318 1079419
14.098809 1082115
14.141076 1084811
14.141558 1087507
14.141779 1090203
14.142844 1092899
14.143096 1095595
14.197489 1096943
14.197735 1099639
14.197994 1102335
14.198186 1105031
14.198865 1107727
14.199096 1110423
14.199354 1113119
14.213087 1115815
14.213291 1118511
14.214937 1121207
14.231297 1122555
14.231553 1125251
14.233252 1127947
14.262891 1129295
14.263133 1131991
14.266853 1134687
14.267065 1137383
14.289421 1138731
14.289674 1141427
14.290171 1144123
14.306219 1146819
14.306803 1149515
14.35698 1150863
14.357278 1153559
14.357494 1156255
14.357674 1158951
14.35897 1161647
14.413876 1164343
14.414226 1167039
14.41438 1169735
14.435353 1171083
14.435592 1173779
14.435864 1176475
14.436075 1179171
14.438863 1181867
14.439086 1184563
14.439353 1187259
14.462259 1188607
14.462494 1191303
14.462916 1193999
14.472657 1195347
14.474817 1198043
14.490909 1200739
14.491123 1203435
14.522521 1206131
14.522767 1208827
14.522984 1211523
14.534691 1212871
14.549864 1215567
14.550833 1218263
14.596014 1219611
14.596262 1222307
14.596634 1225003
14.596837 1227699
14.598855 1230395
14.645813 1231743
14.645987 1234439
14.646317 1237135
14.646836 1239831
14.712533 1242527
14.712773 1245223
14.71289 1247919
14.712984 1250615
14.714961 1253311
14.715131 1256007
14.743902 1257355
14.744114 1260051
14.746841 1262747
14.812029 1265443
14.812233 1268139
14.812329 1270835
14.812436 1273531
14.814206 1276227
14.814404 1278923
14.814602 1281619
14.831155 1284315
14.834821 1287011
14.844674 1288359
14.856968 1291055
14.858827 1293751
14.897216 1296447
14.897413 1299143
14.898855 1301839
14.899058 1304535
14.938898 1305883
14.939121 1308579
14.939327 1311275
14.939434 1313971
14.939593 1316667
15.011659 1319363
15.01192 1322059
15.012104 1324755
15.012276 1327451
15.012449 1330147
15.012611 1332843
15.014854 1335539
15.044921 1338235
15.045117 1340931
15.071944 1343627
15.072103 1346323
15.072215 1349019
15.110126 1351715
15.110345 1354411
15.110489 1357107
15.110829 1359803
15.123288 1361151
15.123503 1363847
15.126937 1366543
15.136316 1367891
15.136528 1370587
15.206891 1373283
15.207106 1375979
15.207403 1378675
15.207582 1381371
15.20772 1384067
15.207818 1386763
15.207911 1389459
15.208022 1392155
15.208113 1394851
15.208209 1397547
15.217404 1398895
15.217588 1401591
15.217751 1404287
15.217913 1406983
15.22287 1409679
15.223064 1412375
15.223224 1415071
15.243816 1416419
15.243973 1419115
15.244153 1421811
15.277606 1424507
15.277858 1427203
15.278076 1429899
15.279331 1432595
15.30109 1433943
15.301285 1436639
15.301461 1439335
15.301615 1442031
15.301715 1444727
15.302954 1447423
15.303115 1450119
15.341554 1451467
15.341739 1454163
15.341881 1456859
15.341976 1459555
15.342069 1462251
15.342872 1464947
15.343127 1467643
15.383565 1468991
15.38376 1471687
15.383934 1474383
15.384124 1477079
15.386892 1479775
15.387073 1482471
15.387235 1485167
15.403918 1486515
15.404097 1489211
15.40421 1491907
15.406968 1494603
15.409113 1495951
15.417279 1498647
15.418827 1499995
15.428645 1501343
15.428753 1504039
15.453242 1506735
15.453347 1509431
15.453967 1510779
15.461121 1513475
15.462815 1516171
15.497498 1517519
15.49761 1520215
15.497704 1522911
15.497803 1525607
15.498877 1528303
15.499048 1530999
15.499198 1533695
15.51181 1535043
15.511994 1537739
15.574966 1540435
15.575365 1543131
15.575561 1545827
15.575717 1548523
15.575873 1551219
15.578906 1553915
15.579147 1556611
15.61485 1559307
15.615173 1562003
15.615425 1564699
15.619411 1566047
15.619789 1568743
15.619997 1571439
15.631553 1574135
15.631822 1576831
15.63203 1579527
15.634942 1580875
15.63509 1583571
15.651751 1586267
15.652035 1588963
15.652274 1591659
15.652499 1594355
15.65266 1597051
15.713855 1599747
15.714105 1602443
15.714402 1605139
15.714577 1607835
15.71475 1610531
15.715 1613227
15.715171 1615923
15.715341 1618619
15.715541 1621315
15.763729 1624011
15.764022 1626707
15.764394 1629403
15.764631 1632099
15.764859 1634795
15.765096 1637491
15.765305 1640187
15.76686 1642883
15.767082 1645579
15.784494 1646927
15.784742 1649623
15.784953 1652319
15.786869 1655015
15.787053 1657711
15.801099 1659059
15.801615 1661755
15.802934 1664451
15.822069 1665799
15.822311 1668495
15.822849 1671191
15.867 1673887
15.867181 1676583
15.867282 1679279
15.867377 1681975
15.867488 1684671
15.885322 1686019
15.885519 1688715
15.886831 1691411
15.893762 1694107
15.89394 1696803
15.894905 1699499
15.895082 1702195
15.923077 1704891
15.923402 1707587
15.923534 1710283
15.923631 1712979
15.924629 1715675
15.939824 1718371
15.939975 1721067
15.981912 1723763
15.982171 1726459
15.982314 1729155
15.982409 1731851
15.98289 1734547
15.983042 1737243
15.983215 1739939
16.012569 1742635
16.013326 1745331
16.013431 1748027
16.014867 1750723
16.015057 1753419
16.025115 1754767
16.026821 1757463
16.040062 1760159
16.040228 1762855
16.042873 1765551
16.043055 1768247
16.051312 1769595
16.051551 1772291
16.079214 1774987
16.079397 1777683
16.082942 1780379
16.119037 1783075
16.119204 1785771
16.119391 1788467
16.120073 1791163
16.12025 1793859
16.144867 1796555
16.145642 1799251
16.1458 1801947
16.146912 1804643
16.203123 1805991
16.203283 1808687
16.20347 1811383
16.203578 1814079
16.206874 1816775
16.207056 1819471
16.207227 1822167
16.214046 1823515
16.214546 1826211
16.214703 1828907
50.949201 1830771
50.94942 1832339
50.949799 1835035
50.950077 1837731
50.950186 1840427
50.950279 1843123
50.950375 1845819
50.950468 1848515
50.95056 1851211
50.950755 1853907
50.95089 1856603
50.951023 1859299
50.951118 1861995
50.95121 1864691
50.951303 1867387
50.951399 1870083
50.951544 1872779
50.963274 1875475
50.963758 1878171
50.963933 1880867
50.964106 1883563
50.964263 1886259
50.966928 1888955
50.967121 1891651
51.078739 1894347
51.079098 1897043
51.079267 1899739
51.079373 1902435
51.079483 1905131
51.079579 1907827
51.079671 1910523
51.082829 1913219
51.086429 1915671
51.087102 1918367
51.087259 1921063
51.090845 1923759
51.091026 1926455
51.12322 1927803
51.123407 1930499
51.123596 1933195
51.126977 1935891
51.127157 1938587
51.133243 1941283
51.133397 1943979
51.134914 1946675
51.150653 1948023
51.150859 1950719
51.151036 1953415
51.151203 1956111
51.151358 1958807
51.158421 1960155
51.158576 1962851
51.158897 1965547
51.183942 1966895
51.184124 1969591
51.184293 1972287
51.186833 1974983
51.187004 1977679
51.216241 1980375
51.218821 1983071
51.249406 1984419
51.24958 1987115
51.249758 1989811
51.249886 1992507
51.24998 1995203
51.250103 1997899
51.250231 2000595
51.250953 2003291
51.25113 2005987
51.251284 2008683
51.26848 2011379
51.268672 2014075
51.268825 2016771
51.268996 2019467
51.270849 2022163
51.271002 2024859
51.271177 2027555
51.342812 2030251
51.342999 2032947
51.343158 2035643
51.343318 2038339
51.343414 2041035
51.343524 2043731
51.347003 2046427
51.347274 2049123
51.415889 2051303
51.416 2053999
51.416095 2056695
51.416188 2059391
51.416279 2062087
51.416371 2064783
51.416462 2067479
51.416553 2070175
51.418888 2072871
51.419044 2075567
51.41914 2078263
51.419232 2080959
51.419323 2083655
51.419415 2086351
51.419521 2089047
51.478236 2091743
51.478395 2094439
51.478571 2097135
51.478741 2099831
51.478954 2102527
51.479129 2105223
51.479297 2107919
51.479483 2110615
51.479586 2113311
51.53454 2114659
51.534696 2117355
51.5349 2120051
51.535032 2122747
51.538832 2125443
51.637597 2127363
51.638975 2130059
51.639129 2132755
51.639303 2135451
51.639436 2138147
51.639551 2140843
51.639646 2143539
51.642841 2146235
51.694493 2147583
51.743276 2150279
51.74347 2152975
51.743627 2155671
51.743808 2158367
51.743975 2161063
51.745378 2163759
51.745481 2166455
51.745572 2169151
51.745664 2171847
51.745756 2174543
51.745848 2177239
51.745939 2179935
51.746031 2182631
51.746121 2185327
51.746213 2188023
51.746302 2190719
51.746394 2193415
51.74649 2196111
51.746988 2198807
51.747165 2201503
51.747336 2204199
51.747502 2206895
51.790897 2209463
51.792161 2212159
51.792325 2214855
51.792477 2217551
51.792645 2220247
51.792812 2222943
51.792965 2225639
51.793135 2228335
51.79504 2231031
51.795197 2233727
51.795369 2236423
51.79555 2239119
51.795708 2241815
51.795812 2244511
51.795905 2247207
51.795996 2249903
51.857126 2251251
51.857331 2253947
51.857484 2256643
51.857657 2259339
51.857822 2262035
51.858995 2264731
51.859158 2267427
51.859254 2270123
51.859354 2272819
51.955197 2275515
51.955386 2278211
51.955574 2280907
51.95573 2283603
51.955901 2286299
51.956064 2288995
51.956196 2291691
51.95629 2294387
51.956382 2297083
51.958995 2299779
51.959174 2302475
51.959342 2305171
51.959528 2307867
51.959684 2310563
51.959835 2313259
51.959929 2315955
51.96002 2318651
52.000488 2319999
52.000647 2322695
52.000826 2325391
52.002701 2328087
52.002868 2330783
52.002975 2333479
52.016731 2336175
52.0169 2338871
52.018797 2340219
52.144113 2342171
52.144282 2344867
52.144475 2347563
52.144635 2350259
52.144794 2352955
52.144898 2355651
52.144991 2358347
52.145084 2361043
52.145176 2363739
52.145265 2366435
52.145357 2369131
52.145448 2371827
52.146976 2373175
52.147133 2375871
52.147303 2378567
52.147488 2381263
52.147638 2383959
52.147808 2386655
52.147995 2389351
52.148195 2392047
52.148304 2394743
52.186965 2397439
52.187138 2400135
52.190897 2401483
52.203713 2404179
52.373994 2406875
52.375774 2408223
52.376069 2410919
52.376236 2413615
52.376331 2416311
52.376425 2419007
52.376517 2421703
52.376608 2424399
52.376699 2427095
52.37679 2429791
52.376881 2432487
52.376972 2435183
52.377063 2437879
52.377154 2440575
52.377262 2443271
52.377354 2445967
52.377448 2448663
52.377539 2451359
52.378915 2456751
52.379075 2459447
52.379247 2462143
52.379416 2464839
52.379602 2467535
52.379757 2470231
52.618386 2471579
52.648606 2473542
52.648783 2476238
52.648878 2478934
52.649016 2481630
52.649115 2484326
52.64921 2487022
52.649308 2489718
52.649401 2492414
52.649492 2495110
52.649583 2497806
52.649675 2500502
52.649765 2503198
52.649856 2505894
52.649948 2508590
52.650198 2511286
52.887757 2538246
52.887985 2540942
52.888155 2543638
52.88831 2546334
52.88849 2549030
52.888658 2551726
52.888812 2554422
52.888984 2557118
52.889175 2559814
52.889349 2562510
52.889524 2565206
52.889692 2567902
52.889845 2570598
52.890868 2573294
52.891131 2575990
52.891306 2578686
52.891477 2581382
52.891653 2584078
52.891822 2586774
52.891976 2589470
52.892145 2592166
52.89231 2594862
52.892464 2597558
52.892631 2600254
53.104322 2602950
53.111106 2604902
53.111217 2607598
53.111313 2610294
53.112327 2612990
53.112426 2615686
53.11252 2618382
53.112612 2621078
53.11271 2623774
53.112801 2626470
53.112892 2629166
53.112984 2631862
53.113075 2634558
53.113171 2637254
53.113269 2639950
53.113366 2642646
53.113457 2645342
53.113548 2648038
53.113639 2650734
53.115042 2653430
53.115216 2656126
53.115371 2658822
53.115557 2661518
53.115726 2664214
53.115897 2666910
53.364514 2669606
53.364681 2672302
53.365887 2674998
53.366199 2677694
53.366351 2680390
53.366523 2683086
53.366692 2685782
53.366968 2688478
53.367141 2691174
53.367314 2693870
53.367501 2696566
53.367605 2699262
53.367699 2701958
53.367871 2704654
53.367965 2707350
53.368058 2710046
53.368149 2712742
53.368244 2715438
53.368342 2718134
53.368438 2720830
53.368529 2723526
53.368623 2726222
53.368714 2728918
53.368805 2731614
53.54828 2734310
53.548479 2737006
53.550826 2739702
53.55099 2741924
53.637864 2743272
53.637979 2745968
53.638072 2748664
53.639202 2750012
53.639309 2752708
53.639406 2755404
53.639519 2758100
53.639611 2760796
53.639702 2763492
53.639794 2766188
53.639886 2768884
53.639977 2771580
53.640069 2774276
53.640161 2776972
53.64025 2779668
53.640342 2782364
53.640662 2783712
53.640826 2785060
53.64098 2787756
53.641151 2790452
53.641254 2793148
53.641347 2795844
53.641439 2798540
53.641555 2801236
53.641647 2803932
53.641738 2806628
53.804567 2807976
53.804801 2810672
53.808944 2813368
53.837004 2814716
53.837191 2817412
53.837365 2820108
53.838199 2822804
53.838356 2825500
53.838527 2828196
53.83863 2830892
53.838723 2833588
53.838913 2836284
53.839008 2838980
53.839101 2841676
53.839192 2844372
53.839344 2847068
53.839435 2849764
53.839547 2852460
53.839637 2855156
53.839729 2857852
53.839819 2860548
53.839908 2863244
53.84 2865940
53.840094 2868636
54.048849 2879420
54.055262 2881642
54.055419 2884338
54.055621 2887034
54.056437 2889730
54.056596 2892426
54.056769 2895122
54.056936 2897818
54.057094 2900514
54.057265 2903210
54.057432 2905906
54.057587 2908602
54.057763 2911298
54.058012 2913994
54.058183 2916690
54.058337 2919386
54.058507 2922082
54.059024 2924778
54.059183 2927474
54.059354 2930170
54.059533 2932866
54.059687 2935562
54.059856 2938258
54.060023 2940954
54.060172 2943650
54.287719 2946346
54.287914 2949042
54.288008 2951738
54.288101 2954434
54.288194 2957130
54.288286 2959826
54.288374 2962522
54.288468 2965218
54.288558 2967914
54.288648 2970610
54.288742 2973306
54.288831 2976002
54.288927 2978698
54.289016 2981394
54.289109 2984090
54.290973 2986786
54.291135 2989482
54.29131 2992178
54.291512 2994874
54.291666 2997570
54.291907 3000266
54.292073 3002962
54.292225 3005658
54.292373 3008354
54.388483 2903210
54.390237 2904558
54.404094 2905906
54.40681 2908602
54.409183 2909950
54.416751 2911298
54.420509 2912646
54.442254 2915342
54.447108 2916690
54.453794 2919386
54.454336 2922082
54.458609 2923430
54.498071 2924778
54.500021 2927474
54.500771 2930170
54.502821 2932866
54.505166 2934214
54.508722 2936910
54.516676 2938258
54.522437 2939606
54.529599 2940954
54.532138 2942302
54.534701 2943650
54.540474 2944998
54.74077 3011050
54.744306 3012398
54.750463 3013746
54.784966 3015094
54.78844 3015759
54.796218 3018455
54.799416 3019803
54.814713 3021151
54.814916 3023847
54.857083 3025195
54.859109 3027891
54.86055 3030587
54.862812 3033283
54.881553 3035979
54.881792 3038675
54.88292 3041371
54.947431 3044067
54.947847 3046763
54.950872 3049459
54.977218 3052155
54.97752 3054851
54.977691 3057547
54.978961 3060243
55.032655 3061591
55.032951 3064287
55.033263 3066983
55.033455 3069679
55.035019 3072375
55.052715 3075071
55.052979 3077767
55.053196 3080463
55.05801 3083159
55.065627 3084507
55.107528 3085855
55.107669 3088551
55.11083 3091247
55.12236 3092595
55.122499 3095291
55.122839 3097987
55.130144 3100683
55.130814 3103379
55.158644 3104727
55.15883 3107423
55.159032 3110119
55.15915 3112815
55.162832 3115511
55.166809 3116859
55.16703 3119555
55.194577 3120903
55.194817 3123599
55.198291 3126295
55.215066 3128991
55.215321 3131687
55.223441 3134383
55.244435 3137079
55.244706 3139775
55.245086 3142471
55.24526 3145167
55.253349 3147863
55.282331 3149211
55.28253 3151907
55.282753 3154603
55.282916 3157299
55.28335 3159995
55.283617 3162691
55.297154 3164039
55.297433 3166735
55.297602 3169431
55.341175 3172127
55.341457 3174823
55.341669 3177519
55.343488 3180215
55.348386 3181563
55.348722 3184259
55.348909 3186955
55.355194 3189651
55.382874 3190999
55.38325 3193695
55.38342 3196391
55.383568 3199087
55.383689 3201783
55.386857 3204479
55.394545 3207175
55.394818 3209871
55.418477 3211219
55.418676 3213915
55.418942 3216611
55.476183 3219307
55.476384 3222003
55.476622 3224699
55.476789 3227395
55.47691 3230091
55.47703 3232787
55.477144 3235483
55.47726 3238179
55.478984 3240875
55.479206 3243571
55.479425 3246267
55.488645 3247615
55.488866 3250311
55.490831 3253007
55.509405 3255703
55.509603 3258399
55.510835 3261095
55.548316 3263791
55.548449 3266487
55.549951 3269183
55.579633 3271879
55.579766 3274575
55.579884 3277271
55.580003 3279967
55.580121 3282663
55.580234 3285359
55.580355 3288055
55.581804 3290751
55.617068 3292142
55.617274 3294838
55.617537 3297534
55.617753 3300230
55.618848 3302926
55.619042 3305622
55.657425 3306970
55.657628 3309666
55.657857 3312362
55.657988 3315058
55.658967 3317754
55.65919 3320450
55.690795 3321798
55.690957 3324494
55.691053 3327190
55.69486 3329886
55.695085 3332582
55.737919 3335278
55.738174 3337974
55.738704 3340670
55.738873 3342018
55.739002 3344714
55.739121 3347410
55.739237 3350106
55.751173 3351454
55.751389 3354150
55.845781 3356846
55.845999 3359542
55.846249 3362238
55.84646 3364934
55.846652 3367630
55.847014 3370326
55.847228 3373022
55.847364 3375718
55.847505 3378414
55.847623 3381110
55.84774 3383806
55.847853 3386502
55.847968 3389198
55.848083 3391894
55.848198 3394590
55.848312 3397286
55.870166 3398634
55.870437 3401330
55.870645 3404026
55.886532 3406722
55.886815 3409418
55.887038 3412114
55.897426 3414810
55.898886 3417506
55.923831 3420202
55.926886 3422154
56.107494 3423502
56.109516 3426198
56.109731 3428894
56.109861 3431590
56.109978 3434286
56.110091 3436982
56.110205 3439678
56.110319 3442374
56.110433 3445070
56.110549 3447766
56.11066 3450462
56.110779 3453158
56.111017 3455854
56.111133 3458550
56.111241 3461246
56.111349 3463942
56.111441 3466638
56.160585 3482814
56.162888 3485510
56.604597 3486858
56.604837 3489554
56.605115 3492250
56.605272 3494946
56.605444 3497642
56.605619 3500338
56.605786 3503034
56.605942 3505730
56.606116 3508426
56.606287 3511122
56.606443 3513818
56.606614 3516514
56.606926 3519210
56.607078 3521906
56.607249 3524602
56.607473 3527298
56.607629 3529994
56.607806 3532690
56.607974 3535386
56.608142 3538082
56.608248 3540778
56.608342 3543474
56.608433 3546170
56.608524 3548866
56.866925 3551562
56.86732 3553318
56.908174 3554666
56.908407 3557362
56.908575 3560058
56.908726 3562754
56.908896 3565450
56.909066 3568146
56.909218 3570842
56.909388 3573538
56.909556 3576234
56.909665 3578930
56.909759 3581626
56.911051 3584322
56.91122 3587018
56.911373 3589714
56.911564 3592410
56.911731 3595106
56.911836 3597802
56.91193 3600498
57.178306 3602041
83.729357 3603389
83.729581 3606085
83.729688 3608781
83.729783 3611477
83.730275 3614173
83.730428 3616450
83.730603 3619146
83.730773 3621842
83.730929 3624538
83.731036 3627234
83.73113 3629930
83.731222 3632626
83.731314 3635322
83.732892 3638018
83.733047 3640714
83.754475 3643410
83.754652 3646106
83.754842 3648802
83.754998 3651498
83.755292 3654194
83.755395 3656890
83.755502 3659586
83.755673 3662282
83.755775 3664978
83.75587 3667674
83.75597 3670370
83.756072 3673066
83.756169 3675762
83.756261 3678458
83.756354 3681154
83.756446 3683850
83.756539 3686546
83.756631 3689242
83.75672 3691938
83.758826 3694634
83.93973 3695982
83.940022 3698678
83.940176 3701374
83.940348 3704070
83.940641 3706766
83.940792 3709462
83.940965 3712158
83.941132 3714854
83.941286 3717550
83.941455 3720246
83.941622 3722942
83.941775 3725638
83.941944 3728334
83.94212 3731030
83.942288 3733726
83.942449 3736422
83.942621 3739118
83.942784 3741814
83.942939 3744510
83.943109 3747206
83.943288 3749902
83.943426 3752598
83.943536 3755294
83.94363 3757990
84.647255 3760686
84.699278 3762858
84.699594 3765554
84.699771 3768250
84.699942 3770946
84.700096 3773642
84.700267 3776338
84.700436 3779034
84.70059 3781730
84.70074 3784426
84.700836 3787122
84.70093 3789818
84.701023 3792514
84.701116 3795210
84.701209 3797906
84.701302 3800602
84.701394 3803298
84.701483 3805994
84.701572 3808690
84.702955 3811386
84.70313 3814082
84.703284 3816778
84.703465 3819474
84.703635 3822170
84.703789 3824866
85.675934 3827562
85.67618 3830258
85.676356 3832954
85.676524 3835650
85.676679 3838346
85.676849 3841042
85.677015 3843738
85.677169 3846434
85.677338 3849130
85.677506 3851826
85.677661 3854522
85.67782 3857218
85.677915 3859914
85.678007 3862610
85.678098 3865306
85.678192 3868002
85.678283 3870698
85.678374 3873394
85.678465 3876090
85.678556 3878786
85.679047 3881482
85.67922 3884178
85.679386 3886874
85.679582 3889570
87.182338 3892266
87.1832 3894229
87.183382 3896925
87.183563 3899621
87.184507 3902317
87.184781 3905013
87.184957 3907709
87.185113 3910405
87.185285 3913101
87.185454 3915797
87.185603 3918493
87.185751 3921189
87.18585 3923885
87.185942 3926581
87.186034 3929277
87.186126 3931973
87.186217 3934669
87.186308 3937365
87.186399 3940061
87.186494 3942757
87.186584 3945453
87.186676 3948149
87.187049 3950845
87.187207 3953541
87.187378 3956237
87.201462 3958933
87.20162 3961629
87.202898 3964325
87.203064 3967021
87.20322 3969717
87.20339 3972413
87.203575 3975109
87.203743 3977805
87.203897 3980501
87.204066 3983197
87.204238 3985893
87.204373 3988589
87.204466 3991285
87.204558 3993981
87.204649 3996677
87.204739 3999373
87.20483 4002069
87.204921 4004765
87.205012 4007461
87.205102 4010157
87.205196 4012853
87.20558 4014201
87.205752 4016897
87.205911 4019593
87.206082 4022289
87.25609 3889570
87.264504 3890918
91.20014 4023637
91.3633 4026333
91.365108 4029029
91.505468 4031725
91.521341 4034421
91.521654 4037117
91.521807 4039813
91.584655 4042509
91.586818 4045205
91.605558 4047901
91.605798 4050597
91.60594 4051945
91.620922 4053293
91.622828 4055989
91.65055 4058685
91.651 4061381
91.654828 4064077
91.701655 4065425
91.701874 4068121
91.702844 4070817
91.733485 4073513
91.733711 4076209
91.733815 4078905
91.734965 4081601
91.735145 4084297
91.807625 4085645
91.810928 4088341
91.824541 4091037
91.824662 4093733
91.826983 4096429
91.875547 4097777
91.875788 4100473
91.875895 4103169
91.878949 4105865
91.879129 4108561
91.924202 4109909
91.924372 4112605
91.926864 4115301
91.927043 4117997
91.952091 4119345
91.952325 4122041
91.954872 4124737
91.955054 4127433
91.990687 4128781
91.99119 4131477
92.011453 4132825
92.014815 4135521
92.051463 4136869
92.051655 4139565
92.054909 4142261
92.124932 4144957
92.125103 4147653
92.125292 4150349
92.126956 4153045
92.127114 4155741
92.167596 4158437
92.167817 4161133
92.170977 4163829
92.269023 4166525
92.269271 4169221
92.269501 4171917
92.269655 4174613
92.269829 4177309
92.270843 4180005
92.325854 4181353
92.326072 4184049
92.326961 4186745
92.369451 4189441
92.369693 4192137
92.370871 4194833
92.58537 4197529
92.585615 4200225
92.585722 4202921
92.585817 4205617
92.58695 4208313
92.587116 4211009
92.595328 4212357
92.595561 4215053
92.595731 4217749
92.597636 4220445
92.597811 4223141
92.614358 4224489
92.61459 4227185
92.614723 4229881
92.6149 4232577
92.615005 4235273
92.615099 4237969
92.615191 4240665
92.615282 4243361
92.65001 4244709
92.650204 4247405
92.650434 4250101
92.650605 4252797
92.650902 4255493
92.651085 4258189
92.651261 4260885
92.651418 4263581
92.711833 4264929
92.712352 4267625
92.712504 4270321
92.714877 4273017
92.715063 4275713
92.742642 4277061
92.742833 4279757
92.74293 4282453
92.837596 4285149
92.837832 4287845
92.847612 4289193
92.847873 4291889
92.848004 4294585
92.8481 4297281
92.848193 4299977
92.850932 4302673
92.879433 4303381
92.961407 4304729
92.961633 4307425
92.961804 4310121
92.962838 4312817
92.963006 4315513
92.983638 4318209
92.986812 4320905
93.047482 4322253
93.050842 4324949
93.110012 4327645
93.110221 4330341
93.110923 4333037
93.186259 4334385
93.186823 4337081
93.241298 4339777
93.242833 4342473
93.501808 4345169
93.502034 4347865
93.502145 4350561
93.502859 4353257
93.503036 4355953
93.503193 4358649
93.526012 4359997
93.526245 4362693
93.526864 4365389
93.527051 4368085
93.547535 4369433
93.547697 4372129
93.547793 4374825
93.547887 4377521
93.550886 4380217
93.551061 4382913
93.55128 4385609
93.551434 4388305
93.566547 4389653
93.566697 4392349
93.566911 4395045
93.567005 4397741
93.567097 4400437
93.869383 4401785
93.869674 4404481
93.870881 4407177
93.904449 4409873
93.904686 4412569
93.9069 4415265
93.907183 4417961
93.918923 4419309
93.919294 4422005
93.919493 4424701
93.919685 4427397
93.956468 4430093
93.956699 4432789
93.95893 4435485
93.978954 4436833
94.083276 4438779
94.083448 4441475
94.083687 4444171
94.083858 4446867
94.083966 4449563
94.084061 4452259
94.087062 4454955
94.087214 4457651
94.087389 4460347
94.087577 4463043
94.134205 4464391
94.134845 4467087
94.20742 4469783
94.210881 4472479
94.219326 4475175
94.219659 4477871
94.222879 4480567
94.223065 4483263
94.268877 4484611
94.270854 4487307
94.350406 4490003
94.350633 4492699
94.350877 4495395
94.351034 4498091
94.46056 4499439
94.460791 4502135
94.462946 4504831
94.704408 4506179
94.822689 4508564
94.822957 4511260
94.823068 4513956
94.823164 4516652
94.823256 4519348
94.823349 4522044
94.823447 4524740
94.823652 4527436
94.823753 4530132
94.823847 4532828
94.823941 4535524
94.824032 4538220
94.824123 4540916
94.824213 4543612
94.824304 4546308
94.824392 4549004
94.85158 4550352
94.851779 4553048
94.852002 4555744
94.852172 4558440
94.852345 4561136
94.852502 4563832
94.855037 4566528
94.855225 4569224
94.855387 4571920
94.875386 4574616
94.875774 4577312
94.902771 4580008
95.028693 4581356
95.029014 4584052
95.02963 4586748
95.029871 4589444
95.030118 4592140
95.030332 4594836
95.030572 4597532
95.030908 4600228
95.031123 4602924
95.031338 4605620
95.031519 4608316
95.031675 4611012
95.080961 4613708
95.081604 4616404
95.081781 4619100
95.081933 4621796
95.082926 4624492
95.083098 4627188
95.169978 4629884
95.170514 4632580
95.170682 4635276
95.170816 4637972
95.192479 4640668
95.192704 4643364
95.194904 4644712
95.204922 4646060
95.206642 4646797
95.280652 4648145
95.280888 4650841
95.281051 4653537
95.281198 4656233
95.281367 4658929
95.281472 4661625
95.281566 4664321
95.281658 4667017
95.28175 4669713
95.281841 4672409
95.282877 4675105
95.283055 4677801
95.283223 4680497
95.328056 4683193
95.328288 4685889
95.328461 4688585
95.328632 4691281
95.328788 4693977
95.330833 4696673
95.331001 4699369
95.36465 4700717
95.364878 4703413
95.364989 4706109
95.366938 4708805
95.387323 4711501
95.390863 4714197
95.736032 4716893
95.736349 4719589
95.736521 4722285
95.736627 4724981
95.736718 4727677
95.736809 4730373
95.7369 4733069
95.73699 4735765
95.737083 4738461
95.738949 4741157
95.739049 4743853
95.739141 4746549
95.739232 4749245
95.739323 4751941
95.775294 4753289
95.775565 4755985
95.775715 4758681
95.775888 4761377
95.77605 4764073
95.776204 4766769
95.778912 4769465
95.779089 4772161
95.787396 4773509
95.78791 4776205
95.788068 4778901
95.789996 4780249
95.790161 4782945
95.813868 4784293
95.814831 4786367
95.818571 4787715
95.818768 4790411
95.819041 4793107
95.819214 4795803
95.819382 4798499
95.819512 4801195
95.819648 4803891
95.819744 4806587
95.819835 4809283
95.819927 4811979
95.82002 4814675
95.820111 4817371
95.820202 4820067
95.845464 4821415
95.845623 4824111
95.845814 4826807
95.845984 4829503
95.846867 4832199
95.847055 4834895
95.896832 4837591
95.897117 4840287
95.89728 4842983
95.897498 4845679
95.89769 4848375
95.898831 4851071
95.979109 4852419
95.979382 4855115
95.979567 4857811
95.979723 4860507
95.979818 4863203
95.97992 4865899
95.980013 4868595
95.980105 4871291
95.983117 4873987
95.983319 4876683
95.983515 4879379
95.983669 4882075
95.983841 4884771
96.004814 4887467
96.006866 4890163
96.020488 4892859
96.020759 4895555
96.032966 4898251
96.034085 4900947
96.087759 4903643
96.0881 4906339
96.088234 4909035
96.08848 4911731
96.088637 4914427
96.127379 4915775
96.127622 4918471
96.130862 4920632
96.211591 4921980
96.211821 4924676
96.212315 4927372
96.21242 4930068
96.212515 4932764
96.212611 4935460
96.212705 4938156
96.212797 4940852
96.212888 4943548
96.214902 4946244
96.215083 4948940
96.215257 4951636
96.215411 4954332
96.233492 4955680
96.234844 4958376
96.289204 4961072
96.289429 4963768
96.289581 4966464
96.290961 4969160
96.291127 4971856
96.300103 4973204
96.300336 4975900
96.303048 4978596
96.33083 4981292
96.333382 4983988
96.456101 4986684
96.45712 4989380
96.457277 4992076
96.457452 4994772
96.457587 4997468
96.457686 5000164
96.457781 5002860
96.457873 5005556
96.457972 5008252
96.458989 5010948
96.459156 5013644
96.459329 5016340
96.459524 5019036
96.502183 5021732
96.502418 5024428
96.502579 5027124
96.502731 5029820
96.502959 5032516
96.503065 5035212
96.542119 5037908
96.542484 5040604
96.542776 5043300
96.543048 5045996
96.566561 5048692
96.56695 5051388
96.692834 5053340
96.693075 5056036
96.693251 5058732
96.693405 5061428
96.693577 5064124
96.693757 5066820
96.693863 5069516
96.694911 5072212
96.695096 5074908
96.695254 5077604
96.695406 5080300
96.695527 5082996
96.695623 5085692
96.74497 5087040
96.745166 5089736
96.745311 5092432
96.745454 5095128
96.765692 5096476
96.765884 5099172
96.766845 5101868
96.766982 5104564
96.977954 5105912
96.978198 5108608
97.089325 5111304
97.090849 5114000
97.21505 5116696
97.906319 5118044
97.906644 5120740
97.906951 5123436
97.907116 5126132
97.907288 5128828
97.907617 5131524
97.907778 5134220
97.907939 5136916
97.908098 5139612
97.908259 5142308
97.908421 5145004
97.908584 5147700
97.908739 5150396
97.908883 5153092
98.002312 5155788
98.002769 5158484
98.256513 5161180
98.25884 5163876
98.528672 5166572
98.528836 5169268
98.530915 5171964
98.674849 5173312
98.67501 5176008
98.816805 5178704
98.81716 5181400
98.949209 5184096
98.949508 5186792
99.746749 5188805
99.747045 5191501
99.747256 5194197
99.74736 5196893
99.747476 5199589
99.747575 5202285
99.747675 5204981
99.747766 5207677
99.747859 5210373
99.747952 5213069
99.748044 5215765
99.748135 5218461
99.748223 5221157
99.750963 5223853
99.751122 5226549
99.751291 5229245
99.814296 5231941
99.81453 5234637
99.814897 5237333
99.828589 5238681
99.830812 5241377
99.878361 5242725
99.878515 5245421
99.878917 5248117
100.652987 5250813
100.653171 5253509
100.653327 5256205
100.653499 5258901
100.653674 5261597
100.654411 5264293
100.654558 5266989
100.654724 5269685
100.654882 5272381
100.655022 5275077
100.65516 5277773
100.655257 5280469
100.655346 5283165
100.655435 5285861
100.655541 5288557
100.65563 5291253
100.655718 5293949
100.655808 5296645
100.655896 5299341
100.655989 5302037
100.656082 5304733
100.659755 5307429
100.659953 5310125
100.660124 5312821
100.734317 5314169
100.73448 5316865
100.734834 5319561
100.901178 5321462
100.901337 5324158
100.901601 5326854
100.901765 5329550
100.90187 5332246
100.901961 5334942
100.902051 5337638
100.902143 5340334
100.902231 5343030
100.902323 5345726
100.902416 5348422
100.902825 5351118
100.903018 5353814
100.903111 5356510
100.903202 5359206
100.90329 5361902
100.903379 5364598
100.903485 5367294
102.223797 5371387
125.859747 5371398
128.127437 5372746
128.127744 5375442
128.12785 5378138
128.128374 5379639
128.128538 5382335
128.128694 5385031
128.128797 5387727
128.130979 5390423
128.133958 5393119
128.134138 5395815
128.134271 5398511
128.134474 5401207
128.134576 5403903
128.134669 5406599
128.134762 5409295
128.134921 5411991
128.135016 5414687
128.135107 5417383
128.135198 5420079
128.1353 5422775
128.135392 5425471
128.135504 5428167
128.1356 5430863
128.13569 5433559
128.13578 5436255
128.138879 5453779
128.139057 5456475
128.910977 5457823
128.911251 5460519
128.911429 5463215
128.911601 5465911
128.911775 5468607
128.911944 5471303
128.9121 5473999
128.91228 5476695
128.912449 5479391
128.912604 5482087
128.91278 5484783
128.91306 5487479
128.913231 5490175
128.913386 5492871
128.913557 5495567
128.913722 5498263
128.913876 5500959
128.914046 5503655
128.914214 5506351
128.914368 5509047
128.914517 5511743
128.914612 5514439
128.914706 5517135
128.914805 5519831
129.512603 5522527
129.514766 5524662
129.514992 5526010
129.51515 5528706
129.515244 5531402
129.515337 5534098
129.515429 5536794
129.515541 5539490
129.51564 5542186
129.515738 5544882
129.515829 5547578
129.515919 5550274
129.51601 5552970
129.5161 5555666
129.51619 5558362
129.516278 5561058
129.516369 5563754
129.51646 5566450
129.546754 5589366
129.547033 5592062
129.547213 5594758
129.54738 5597454
129.547552 5600150
129.547726 5602846
129.547896 5605542
129.548051 5608238
129.548222 5610934
129.548388 5613630
129.548541 5616326
129.548714 5619022
129.548884 5621718
129.549051 5624414
129.549223 5627110
129.5494 5629806
129.549566 5632502
129.549721 5635198
129.54989 5637894
129.550067 5639242
129.550242 5641938
129.550408 5644634
129.550562 5647330
129.550712 5650026
129.550806 5652722
130.497019 5654070
130.549256 5656022
130.549486 5658718
130.54964 5661414
130.549812 5664110
130.549993 5666806
130.550161 5669502
130.550315 5672198
130.550486 5674894
130.550654 5677590
130.550846 5680286
130.551036 5682982
130.55113 5685678
130.551224 5688374
130.551316 5691070
130.551408 5693766
130.551517 5696462
130.551608 5699158
130.551698 5701854
130.551789 5704550
130.551879 5707246
130.55197 5709942
130.552062 5712638
130.552153 5715334
130.552248 5718030
130.733346 5720726
130.733535 5723422
130.733708 5726118
130.733864 5728814
130.734033 5731510
130.734198 5734206
130.734351 5736902
130.734525 5739598
130.73486 5742294
130.735014 5744990
130.735184 5747686
130.735344 5750382
130.735562 5753078
130.735736 5755774
130.735903 5758470
130.736076 5761166
130.736208 5762514
130.736376 5765210
130.736531 5767906
130.736692 5770602
130.736851 5773298
130.736998 5775994
130.737149 5778690
130.737244 5781386
130.737335 5784082
130.914819 5785430
130.947599 5787382
130.947756 5790078
130.947933 5792774
130.948094 5795470
130.948252 5798166
130.948423 5800862
130.94859 5803558
130.948735 5806254
130.948904 5808950
130.949008 5811646
130.949102 5814342
130.9492 5817038
130.949292 5819734
130.949385 5822430
130.951056 5825126
130.951238 5827822
130.951415 5830518
130.951586 5833214
130.951761 5835910
130.951929 5838606
130.952082 5841302
130.952266 5843998
130.952417 5846694
130.952509 5849390
131.508735 5852086
131.508858 5854782
131.508958 5857478
131.509059 5860174
131.509152 5862870
131.509243 5865566
131.509335 5868262
131.509427 5870958
131.509518 5873654
131.509609 5876350
131.509701 5879046
131.509792 5881742
131.509888 5884438
131.509977 5887134
131.511135 5888482
131.51131 5891178
131.511479 5893874
131.511654 5896570
131.51182 5899266
131.511972 5901962
131.512146 5904658
131.512276 5907354
131.512356 5908702
131.512453 5911398
131.512551 5914094
131.512623 5915442
131.67023 5916790
131.672812 5918742
131.672988 5921438
131.673143 5924134
131.673467 5926830
131.673641 5929526
131.67382 5932222
131.673982 5934918
131.674152 5937614
131.674284 5940310
131.674377 5943006
131.67447 5945702
131.67456 5948398
131.674651 5951094
131.674747 5953790
131.674889 5955138
131.674991 5957834
131.675084 5960530
131.675175 5963226
131.675264 5965922
131.675355 5968618
131.675641 5971314
131.675795 5974010
131.675965 5976706
131.676133 5979402
131.676288 5982098
131.83559 5983446
131.837106 5986142
131.837262 5988838
131.837434 5991534
131.837601 5994230
131.837757 5996926
131.837933 5999622
131.838098 6002318
131.838275 6005014
131.83843 6007710
131.838607 6010406
131.838775 6013102
131.839032 6015798
131.839204 6018494
131.839371 6021190
131.839492 6023886
131.839586 6026582
131.839678 6029278
131.839777 6031974
131.839869 6034670
131.83996 6037366
131.840051 6040062
131.840141 6042758
131.840231 6045454
132.223078 6048150
132.223325 6050846
132.226914 6052859
132.284775 6054207
132.284928 6056903
132.285117 6059599
132.285287 6062295
132.285444 6064991
132.285616 6067687
132.285776 6070383
132.285932 6073079
132.286103 6075775
132.286276 6078471
132.286431 6081167
132.286602 6083863
132.286754 6086559
132.286847 6089255
132.287125 6091951
132.28722 6094647
132.287314 6097343
132.287406 6100039
132.287644 6102735
132.287823 6105431
132.287978 6108127
132.28815 6110823
132.28832 6113519
132.288474 6116215
132.559225 6118911
132.559534 6121607
132.559723 6124303
132.559892 6126999
132.560048 6129695
132.560219 6132391
132.560389 6135087
132.560543 6137783
132.560713 6140479
132.560881 6143175
132.561014 6145871
132.561108 6148567
132.561202 6151263
132.561295 6153959
132.561388 6156655
132.561481 6159351
132.561574 6162047
132.563017 6164743
132.563205 6167439
132.563368 6170135
132.563529 6172831
132.563703 6175527
132.563871 6178223
132.564025 6180919
132.762608 6183615
132.778082 6185567
132.778349 6188263
132.778504 6190959
132.778676 6193655
132.77884 6196351
132.779079 6199047
132.779173 6201743
132.779266 6204439
132.779358 6207135
132.779465 6209831
132.77956 6212527
132.779652 6215223
132.779747 6217919
132.779835 6220615
132.779927 6223311
132.780019 6226007
132.780107 6228703
132.780198 6231399
132.780289 6234095
132.780377 6236791
133.020215 6250271
133.020542 6252967
133.020712 6255663
133.020868 6258359
133.02104 6261055
133.02121 6263751
133.021366 6266447
133.02154 6269143
133.021712 6271839
133.021883 6274535
133.022038 6277231
133.022208 6279927
133.022378 6282623
133.022532 6285319
133.022703 6288015
133.022957 6290711
133.023109 6293407
133.023281 6296103
133.023448 6298799
133.0236 6301495
133.023695 6304191
133.023789 6306887
133.023887 6309583
133.023979 6312279
133.239431 6314975
133.256543 6316927
133.25682 6319623
133.25698 6322319
133.257159 6325015
133.257325 6327711
133.257476 6330407
133.257655 6333103
133.257827 6335799
133.257989 6338495
133.258132 6341191
133.258229 6343887
133.258321 6346583
133.258413 6349279
133.258504 6351975
133.258595 6354671
133.258687 6357367
133.258776 6360063
133.258963 6362759
133.259064 6365455
133.259156 6368151
133.259246 6370847
133.259337 6373543
133.259428 6376239
133.259536 6378935
133.504229 6381631
133.50439 6384327
133.505366 6387023
133.505645 6389719
133.505816 6392415
133.505971 6395111
133.506142 6397807
133.506313 6400503
133.506468 6403199
133.506639 6405895
133.506812 6408591
133.507053 6411287
133.507227 6413983
133.507394 6416679
133.507564 6419375
133.507738 6422071
133.50791 6424767
133.508086 6427463
133.508242 6430159
133.508413 6432855
133.508579 6435551
133.508684 6438247
133.508778 6440943
133.508869 6443639
133.721178 6446335
133.733451 6448287
133.734987 6450983
133.735183 6453679
133.735276 6456375
133.735369 6459071
133.735473 6461767
133.735566 6464463
133.735657 6467159
133.735747 6469855
133.735838 6472551
133.73593 6475247
133.736018 6477943
133.736108 6480639
133.736205 6483335
133.736303 6486031
133.736391 6488727
133.73894 6494119
133.739128 6496815
133.739303 6499511
133.739472 6502207
133.739647 6504903
133.739813 6507599
133.739981 6510295
133.968289 6512991
133.968475 6515687
133.968661 6518383
133.969517 6521079
133.969773 6523775
133.969949 6526471
133.970142 6529167
133.970306 6531863
133.970478 6534559
133.970646 6537255
133.970927 6539951
133.971033 6542647
133.971131 6545343
133.971223 6548039
133.971315 6550735
133.971406 6553431
133.971516 6556127
133.971607 6558823
133.971698 6561519
133.971788 6564215
133.971878 6566911
133.971969 6569607
133.97206 6572303
133.972148 6574999
134.127025 6577695
134.14591 6579647
134.147827 6582343
134.147988 6585039
134.148161 6587735
134.14833 6590431
134.148508 6593127
134.148679 6595823
134.148847 6598519
134.149012 6601215
134.149166 6603911
134.149341 6606607
134.149508 6609303
134.149661 6611999
134.14983 6614695
134.151057 6617391
134.151211 6620087
134.151382 6622783
134.151576 6625479
134.151746 6628175
134.151895 6630871
134.152063 6633567
134.152195 6636263
134.152288 6638959
134.152379 6641655
134.30727 6644351
134.31084 6647047
134.31897 6648395
134.319152 6651091
134.319312 6653787
134.319507 6656483
134.319681 6659179
134.319859 6661875
134.320013 6664571
134.320183 6667267
134.320344 6669963
134.320479 6672659
134.320573 6675355
134.320665 6678051
134.320757 6680747
134.320851 6683443
134.320942 6686139
134.32103 6688835
134.321122 6691531
134.321216 6694227
134.321307 6696923
134.323134 6699619
134.323322 6702315
134.323571 6705011
134.323726 6707707
134.3239 6710403
134.467039 6713099
134.478086 6715112
134.478238 6717808
134.478415 6720504
134.478581 6723200
134.478736 6725896
134.479059 6728592
134.479228 6731288
134.479382 6733984
134.479569 6736680
134.479701 6739376
134.479795 6742072
134.479888 6744768
134.479983 6747464
134.480074 6750160
134.480166 6752856
134.480257 6755552
134.480348 6758248
134.480439 6760944
134.48053 6763640
134.480625 6766336
134.480721 6769032
134.480813 6771728
134.480908 6774424
134.480998 6777120
134.649191 6779816
134.649352 6782512
134.649523 6785208
134.649684 6787904
134.649829 6790600
134.65 6793296
134.650158 6795992
134.6503 6798688
134.650467 6801384
134.650626 6804080
134.650787 6806776
134.65108 6809472
134.651242 6812168
134.65141 6814864
134.651574 6817560
134.651744 6820256
134.651901 6822952
134.652052 6825648
134.652227 6828344
134.652393 6831040
134.652537 6833736
134.652701 6836432
134.652859 6839128
134.652958 6841824
134.791828 6844520
134.792006 6847216
134.794282 6848564
134.816815 6850577
134.816998 6853273
134.817205 6855969
134.817389 6858665
134.817561 6861361
134.817733 6864057
134.817842 6866753
134.817943 6869449
134.818035 6872145
134.818126 6874841
134.818218 6877537
134.818308 6880233
134.8184 6882929
134.818491 6885625
134.819141 6888321
134.819301 6891017
134.819487 6893713
134.819662 6896409
134.819833 6899105
134.820018 6901801
134.820215 6904497
134.820383 6907193
134.820536 6909889
134.820705 6912585
135.015647 6915281
135.015877 6917977
135.016029 6920673
135.016206 6923369
135.01638 6926065
135.016554 6928761
135.016704 6931457
135.016804 6934153
135.016897 6936849
135.016991 6939545
135.017082 6942241
135.017173 6944937
135.017262 6947633
135.017353 6950329
135.018231 6951677
135.0184 6954373
135.018559 6957069
135.018712 6959765
135.018882 6962461
135.019051 6965157
135.019219 6967853
135.019375 6970549
135.01955 6973245
135.019643 6975941
135.019734 6978637
135.156397 6979985
135.157937 6980589
135.160254 6983285
135.160427 6985981
135.160582 6988677
135.161487 6991373
135.161654 6994069
135.161805 6996765
135.161974 6999461
135.162137 7002157
135.162273 7004853
135.162367 7007549
135.162459 7010245
135.162551 7012941
135.16264 7015637
135.162733 7018333
135.162845 7021029
135.163027 7022377
135.16313 7025073
135.163221 7027769
135.163313 7030465
135.163403 7033161
135.163512 7035857
135.163608 7038553
135.163698 7041249
135.341297 7046641
135.341466 7049337
135.341663 7052033
135.341824 7054729
135.342005 7057425
135.342153 7060121
135.342324 7062817
135.342486 7065513
135.342635 7068209
135.342816 7070905
135.343086 7073601
135.343231 7076297
135.343407 7078993
135.343612 7081689
135.343767 7084385
135.343943 7087081
135.344111 7089777
135.344273 7092473
135.344417 7095169
135.34458 7097865
135.344738 7100561
135.344894 7103257
135.345064 7105953
135.345232 7108649
135.477974 7111345
135.478223 7111949
135.480243 7114645
135.480397 7117341
135.48057 7120037
135.480739 7122733
135.480894 7125429
135.481045 7128125
135.481141 7130821
135.481233 7133517
135.481325 7136213
135.481413 7138909
135.481542 7141605
135.481688 7144301
135.481841 7146997
135.482032 7149693
135.483021 7152389
135.483202 7155085
135.483371 7157781
135.48354 7160477
135.483716 7163173
135.483882 7165869
135.484034 7168565
135.484203 7171261
135.484369 7173957
135.484522 7176653
135.583258 7178001
135.586837 7180697
135.593532 7182045
135.593721 7184741
135.593891 7187437
135.594046 7190133
135.594223 7192829
135.594391 7195525
135.594546 7198221
135.594725 7200917
135.594999 7202265
135.595102 7204961
135.595196 7207657
135.595288 7210353
135.59538 7213049
135.595486 7215745
135.59558 7218441
135.595676 7221137
135.595766 7223833
135.595855 7226529
135.595945 7229225
135.596036 7231921
135.596125 7234617
135.596216 7237313
135.596305 7240009
135.596393 7242705
135.704846 7246749
135.706789 7248762
135.707049 7251458
135.707212 7254154
135.707387 7256850
135.707579 7259546
135.707733 7262242
135.707903 7264938
135.708064 7267634
135.708215 7270330
135.708386 7273026
135.708555 7275722
135.70872 7278418
135.708872 7281114
135.709044 7283810
135.70921 7286506
135.709362 7289202
135.70953 7291898
135.709697 7294594
135.70985 7297290
135.710924 7299986
135.711091 7302682
135.711202 7305378
135.711296 7308074
135.711387 7310770
135.817113 7313466
135.817317 7316162
135.817475 7318858
135.817639 7321554
135.817798 7324250
135.817965 7326946
135.818135 7329642
135.818312 7332338
135.818419 7335034
135.818513 7337730
135.818604 7340426
135.818696 7343122
135.818788 7345818
135.818879 7348514
135.819133 7351210
135.81923 7353906
135.819323 7356602
135.819414 7359298
135.819524 7361994
135.819614 7364690
135.819704 7367386
135.819794 7370082
135.819882 7372778
135.906423 7378170
135.906754 7380122
135.908216 7382818
135.908376 7385514
135.908551 7388210
135.908727 7390906
135.908894 7393602
135.909048 7396298
135.909217 7398994
135.909384 7401690
135.909538 7404386
135.909711 7407082
135.909877 7409778
135.910031 7412474
135.910206 7415170
135.910373 7417866
135.911114 7420562
135.911299 7423258
135.911484 7425954
135.911657 7428650
135.911807 7431346
135.91193 7432694
135.912084 7435390
135.912253 7438086
135.91242 7440782
135.912573 7443478
136.019106 7444826
136.019389 7447522
136.019577 7450218
136.019735 7452914
136.01983 7455610
136.019921 7458306
136.020014 7461002
136.020106 7463698
136.020197 7466394
136.020287 7469090
136.020377 7471786
136.020468 7474482
136.020558 7477178
136.020653 7479874
136.020744 7482570
136.020842 7485266
136.02093 7487962
136.021095 7489310
136.341205 7509530
136.341757 7512226
136.341927 7514239
136.342074 7516935
136.344453 7519631
136.344795 7522327
136.344971 7525023
136.34514 7527719
136.345313 7530415
136.345471 7533111
136.345646 7535807
136.345818 7538503
136.345974 7541199
136.346145 7543895
136.346313 7546591
136.346468 7549287
136.346638 7551983
136.346873 7554679
136.347114 7557375
136.347292 7560071
136.3475 7562767
136.347678 7565463
136.347833 7568159
136.348004 7570855
136.34817 7573551
136.348325 7576247
136.348495 7578943
136.348627 7581639
136.348722 7584335
136.348815 7587031
136.348907 7589727
136.348999 7592423
136.34909 7595119
136.349181 7597815
136.349276 7600511
136.349367 7603207
136.349462 7605903
136.349557 7608599
136.349646 7611295
136.349738 7613991
136.349835 7616687
136.349931 7619383
136.403438 7501442
136.406994 7502790
136.412132 7505486
136.413704 7508182
136.683889 7641494
136.742569 7644190
136.74282 7646886
136.803972 7648234
136.806857 7650930
136.869778 7653626
136.870078 7656322
136.871529 7659018
136.93897 7661714
136.942853 7664410
